applied_size_caps,archetype,days_held,entry_date,entry_index,entry_label,entry_method,entry_price,entry_strategy,entry_wait_days,event_count,exit_date,exit_index,exit_price,exit_reason,horizon,initial_stop,mae_pct,market_regime,mfe_capture_pct,mfe_pct,partial_exit_pct,position_size_multiplier,realized_return_pct,selected_setup,signal_date,source_decision,target_1,target_1_hit,ticker
,TECHNICAL_NATIVE,141,2018-12-24,394,BUY_STARTER,NEXT_OPEN,37.08,quality_dislocation,0,3,2019-07-18,535,55.6,MAX_SIM_WINDOW_EXIT,medium_term,35.6176,-1.4563,BEAR_RISK_OFF,72.9737,52.3463,25.0,0.5,38.199,BROKEN_CHART_QUALITY_RECOVERY,2018-12-21,,38.1768,True,AIG
,TECHNICAL_NATIVE,35,2018-12-24,394,BUY_STARTER,NEXT_OPEN,37.08,quality_dislocation,0,3,2019-02-14,429,42.075,TRAILING_STOP_EXIT,short_term,35.7984,-1.4563,BEAR_RISK_OFF,53.1541,20.2265,25.0,0.5,10.7512,BROKEN_CHART_QUALITY_RECOVERY,2018-12-21,,38.0412,True,AIG
HIGH_ATR_CAP,TECHNICAL_NATIVE,126,2020-03-26,709,BUY_STARTER,NEXT_OPEN,25.81,quality_dislocation,0,3,2020-09-24,835,25.81,STOP_LOSS_EXIT,medium_term,15.9952,-22.8981,BEAR_RISK_OFF,13.4327,53.0802,25.0,0.25,7.1301,BROKEN_CHART_QUALITY_RECOVERY,2020-03-25,,33.1711,True,AIG
HIGH_ATR_CAP,TECHNICAL_NATIVE,53,2020-03-26,709,BUY_STARTER,NEXT_OPEN,25.81,quality_dislocation,0,3,2020-06-11,762,34.0329,TRAILING_STOP_EXIT,short_term,15.9093,-22.8981,BEAR_RISK_OFF,58.5658,53.0802,25.0,0.25,31.0869,BROKEN_CHART_QUALITY_RECOVERY,2020-03-25,,33.2355,True,AIG
HIGH_ATR_CAP,TECHNICAL_NATIVE,141,2020-04-09,719,BUY_STARTER,NEXT_OPEN,24.95,quality_dislocation,0,3,2020-10-29,860,31.29,MAX_SIM_WINDOW_EXIT,medium_term,19.6015,-11.2625,BEAR_RISK_OFF,39.5457,58.3567,25.0,0.25,23.0776,BROKEN_CHART_QUALITY_RECOVERY,2020-04-08,,28.9614,True,AIG
HIGH_ATR_CAP,TECHNICAL_NATIVE,43,2020-04-09,719,BUY_STARTER,NEXT_OPEN,24.95,quality_dislocation,0,3,2020-06-11,762,34.0329,TRAILING_STOP_EXIT,short_term,19.701,-11.2625,BEAR_RISK_OFF,53.5463,58.3567,25.0,0.25,31.2479,BROKEN_CHART_QUALITY_RECOVERY,2020-04-08,,28.8868,True,AIG
HIGH_ATR_CAP,TECHNICAL_NATIVE,6,2020-04-24,729,BUY_FULL,NEXT_OPEN,23.14,quality_dislocation,0,3,2020-05-04,735,23.14,STOP_LOSS_EXIT,medium_term,21.8079,-0.0864,BEAR_RISK_OFF,5.8495,18.4529,25.0,0.5,1.0794,BROKEN_CHART_QUALITY_RECOVERY,2020-04-23,,24.1391,True,AIG
HIGH_ATR_CAP,TECHNICAL_NATIVE,6,2020-04-24,729,BUY_FULL,NEXT_OPEN,23.14,quality_dislocation,0,3,2020-05-04,735,23.14,TRAILING_STOP_EXIT,short_term,21.9186,-0.0864,BEAR_RISK_OFF,5.363,18.4529,25.0,0.5,0.9896,BROKEN_CHART_QUALITY_RECOVERY,2020-04-23,,24.056,True,AIG
,TECHNICAL_NATIVE,4,2022-06-23,1274,BUY_FULL,NEXT_OPEN,51.2,quality_dislocation,0,3,2022-06-29,1278,51.2,STOP_LOSS_EXIT,medium_term,48.3438,-2.3047,BEAR_RISK_OFF,24.2319,4.3164,25.0,1.0,1.0459,BROKEN_CHART_QUALITY_RECOVERY,2022-06-22,,53.3421,True,AIG
,TECHNICAL_NATIVE,4,2022-06-23,1274,BUY_FULL,NEXT_OPEN,51.2,quality_dislocation,0,3,2022-06-29,1278,51.2,TRAILING_STOP_EXIT,short_term,48.5892,-2.3047,BEAR_RISK_OFF,22.1505,4.3164,25.0,1.0,0.9561,BROKEN_CHART_QUALITY_RECOVERY,2022-06-22,,53.1581,True,AIG
,TECHNICAL_NATIVE,2,2022-06-30,1279,BUY_STARTER,NEXT_OPEN,50.02,quality_dislocation,0,3,2022-07-05,1281,50.02,STOP_LOSS_EXIT,medium_term,48.3438,-0.7397,BEAR_RISK_OFF,14.6857,4.2783,25.0,0.5,0.6283,BROKEN_CHART_QUALITY_RECOVERY,2022-06-29,,51.2771,True,AIG
,TECHNICAL_NATIVE,2,2022-06-30,1279,BUY_STARTER,NEXT_OPEN,50.02,quality_dislocation,0,3,2022-07-05,1281,50.02,TRAILING_STOP_EXIT,short_term,48.5892,-0.7397,BEAR_RISK_OFF,12.5362,4.2783,25.0,0.5,0.5363,BROKEN_CHART_QUALITY_RECOVERY,2022-06-29,,51.0931,True,AIG
HIGH_ATR_CAP,TECHNICAL_NATIVE,2,2020-03-19,704,BUY_FULL,NEXT_OPEN,291.77,quality_dislocation,0,3,2020-03-23,706,291.77,STOP_LOSS_EXIT,medium_term,251.3031,-1.3675,BEAR_RISK_OFF,22.9716,11.3206,25.0,0.5,2.6005,BROKEN_CHART_QUALITY_RECOVERY,2020-03-18,,322.1202,True,ADBE
HIGH_ATR_CAP,TECHNICAL_NATIVE,2,2020-03-19,704,BUY_FULL,NEXT_OPEN,291.77,quality_dislocation,0,3,2020-03-23,706,291.77,TRAILING_STOP_EXIT,short_term,252.5787,-1.3675,BEAR_RISK_OFF,22.2475,11.3206,25.0,0.5,2.5186,BROKEN_CHART_QUALITY_RECOVERY,2020-03-18,,321.1635,True,ADBE
,TECHNICAL_NATIVE,9,2022-02-28,1194,BUY_STARTER,NEXT_OPEN,462.4,quality_dislocation,0,1,2022-03-11,1203,420.5275,STOP_LOSS_EXIT,medium_term,420.5275,-10.1579,BEAR_RISK_OFF,-249.0914,3.6354,0.0,0.5,-9.0555,BROKEN_CHART_QUALITY_RECOVERY,2022-02-25,,493.8044,False,ADBE
,TECHNICAL_NATIVE,9,2022-02-28,1194,BUY_STARTER,NEXT_OPEN,462.4,quality_dislocation,0,1,2022-03-11,1203,415.875,STOP_LOSS_EXIT,short_term,415.875,-10.1579,BEAR_RISK_OFF,-276.7683,3.6354,0.0,0.5,-10.0616,BROKEN_CHART_QUALITY_RECOVERY,2022-02-25,,497.2937,False,ADBE
,TECHNICAL_NATIVE,47,2022-06-23,1274,BUY_STARTER,NEXT_OPEN,371.71,quality_dislocation,0,3,2022-08-30,1321,371.71,STOP_LOSS_EXIT,medium_term,334.172,-3.8067,BEAR_RISK_OFF,8.86,21.3715,25.0,0.5,1.8935,BROKEN_CHART_QUALITY_RECOVERY,2022-06-22,,399.8635,True,ADBE
,TECHNICAL_NATIVE,41,2022-06-23,1274,BUY_STARTER,NEXT_OPEN,371.71,quality_dislocation,0,3,2022-08-22,1315,417.7386,TRAILING_STOP_EXIT,short_term,334.62,-3.8067,BEAR_RISK_OFF,52.2102,21.3715,25.0,0.5,11.1581,BROKEN_CHART_QUALITY_RECOVERY,2022-06-22,,399.5275,True,ADBE
,TECHNICAL_NATIVE,9,2022-06-30,1279,BUY_FULL,NEXT_OPEN,362.9,quality_dislocation,0,3,2022-07-14,1288,362.9,STOP_LOSS_EXIT,medium_term,332.93,-1.0554,BEAR_RISK_OFF,19.2643,8.038,25.0,1.0,1.5485,BROKEN_CHART_QUALITY_RECOVERY,2022-06-29,,385.3775,True,ADBE
,TECHNICAL_NATIVE,9,2022-06-30,1279,BUY_FULL,NEXT_OPEN,362.9,quality_dislocation,0,3,2022-07-14,1288,362.9,TRAILING_STOP_EXIT,short_term,334.62,-1.0554,BEAR_RISK_OFF,18.178,8.038,25.0,1.0,1.4611,BROKEN_CHART_QUALITY_RECOVERY,2022-06-29,,384.11,True,ADBE
,TECHNICAL_NATIVE,13,2022-10-17,1354,BUY_FULL,NEXT_OPEN,297.45,quality_dislocation,0,3,2022-11-03,1367,297.45,STOP_LOSS_EXIT,medium_term,275.1814,-4.0612,BEAR_RISK_OFF,12.6029,11.138,25.0,1.0,1.4037,BROKEN_CHART_QUALITY_RECOVERY,2022-10-14,,314.1514,True,ADBE
,TECHNICAL_NATIVE,13,2022-10-17,1354,BUY_FULL,NEXT_OPEN,297.45,quality_dislocation,0,3,2022-11-03,1367,298.5657,TRAILING_STOP_EXIT,short_term,273.834,-4.0612,BEAR_RISK_OFF,15.8913,11.138,25.0,1.0,1.77,BROKEN_CHART_QUALITY_RECOVERY,2022-10-14,,315.162,True,ADBE
,TECHNICAL_NATIVE,68,2025-04-23,1984,BUY_STARTER,NEXT_OPEN,358.12,quality_dislocation,0,3,2025-07-31,2052,358.12,STOP_LOSS_EXIT,medium_term,328.4285,-1.3599,BEAR_RISK_OFF,8.5873,18.1029,25.0,0.5,1.5545,BROKEN_CHART_QUALITY_RECOVERY,2025-04-22,,380.3886,True,ADBE
,TECHNICAL_NATIVE,27,2025-04-23,1984,BUY_STARTER,NEXT_OPEN,358.12,quality_dislocation,0,3,2025-06-02,2011,400.0943,TRAILING_STOP_EXIT,short_term,330.0957,-1.3599,BEAR_RISK_OFF,56.6639,18.1029,25.0,0.5,10.2578,BROKEN_CHART_QUALITY_RECOVERY,2025-04-22,,379.1382,True,ADBE
HIGH_ATR_CAP,TECHNICAL_NATIVE,141,2020-04-02,714,BUY_STARTER,NEXT_OPEN,73.63,quality_dislocation,0,3,2020-10-22,855,92.2,MAX_SIM_WINDOW_EXIT,medium_term,64.1629,-3.3003,BEAR_RISK_OFF,82.3417,25.8998,25.0,0.25,21.3263,BROKEN_CHART_QUALITY_RECOVERY,2020-04-01,,80.7303,True,AEP
HIGH_ATR_CAP,TECHNICAL_NATIVE,21,2020-04-02,714,BUY_STARTER,NEXT_OPEN,73.63,quality_dislocation,0,3,2020-05-04,735,80.8886,TRAILING_STOP_EXIT,short_term,64.4886,-3.3003,BEAR_RISK_OFF,48.8262,19.9104,25.0,0.25,9.7215,BROKEN_CHART_QUALITY_RECOVERY,2020-04-01,,80.486,True,AEP
,TECHNICAL_NATIVE,31,2023-03-20,1459,BUY_FULL,NEXT_OPEN,230.58,quality_dislocation,0,3,2023-05-03,1490,230.58,STOP_LOSS_EXIT,medium_term,222.019,-0.6939,BEAR_RISK_OFF,6.2073,11.2152,25.0,1.0,0.6962,BROKEN_CHART_QUALITY_RECOVERY,2023-03-17,,237.0008,True,AMGN
,TECHNICAL_NATIVE,20,2023-03-20,1459,BUY_FULL,NEXT_OPEN,230.58,quality_dislocation,0,3,2023-04-18,1479,245.67,TRAILING_STOP_EXIT,short_term,223.146,-0.4294,BEAR_RISK_OFF,49.1546,11.2152,25.0,1.0,5.5128,BROKEN_CHART_QUALITY_RECOVERY,2023-03-17,,236.1555,True,AMGN
HIGH_ATR_CAP,TECHNICAL_NATIVE,5,2022-05-17,1249,BUY_STARTER,NEXT_OPEN,26.8425,quality_dislocation,0,1,2022-05-24,1254,24.4342,STOP_LOSS_EXIT,medium_term,24.4342,-9.4533,BEAR_RISK_OFF,,0.0,0.0,0.25,-8.972,BROKEN_CHART_QUALITY_RECOVERY,2022-05-16,,28.6488,False,ANET
HIGH_ATR_CAP,TECHNICAL_NATIVE,5,2022-05-17,1249,BUY_STARTER,NEXT_OPEN,26.8425,quality_dislocation,0,1,2022-05-24,1254,24.5582,STOP_LOSS_EXIT,short_term,24.5582,-9.4533,BEAR_RISK_OFF,,0.0,0.0,0.25,-8.51,BROKEN_CHART_QUALITY_RECOVERY,2022-05-16,,28.5557,False,ANET
,TECHNICAL_NATIVE,7,2022-06-01,1259,BUY_STARTER,NEXT_OPEN,25.875,quality_dislocation,0,1,2022-06-10,1266,23.9404,STOP_LOSS_EXIT,medium_term,23.9404,-8.6184,BEAR_RISK_OFF,-287.566,2.6,0.0,0.5,-7.4767,BROKEN_CHART_QUALITY_RECOVERY,2022-05-31,,27.3259,False,ANET
,TECHNICAL_NATIVE,7,2022-06-01,1259,BUY_STARTER,NEXT_OPEN,25.875,quality_dislocation,0,1,2022-06-10,1266,24.062,STOP_LOSS_EXIT,short_term,24.062,-8.6184,BEAR_RISK_OFF,-269.4909,2.6,0.0,0.5,-7.0068,BROKEN_CHART_QUALITY_RECOVERY,2022-05-31,,27.2348,False,ANET
,TECHNICAL_NATIVE,4,2022-06-23,1274,BUY_STARTER,NEXT_OPEN,23.5625,quality_dislocation,0,3,2022-06-29,1278,23.5625,STOP_LOSS_EXIT,medium_term,21.9446,-0.7215,BEAR_RISK_OFF,18.7833,6.8541,25.0,0.5,1.2874,BROKEN_CHART_QUALITY_RECOVERY,2022-06-22,,24.7759,True,ANET
,TECHNICAL_NATIVE,4,2022-06-23,1274,BUY_STARTER,NEXT_OPEN,23.5625,quality_dislocation,0,3,2022-06-29,1278,23.5625,TRAILING_STOP_EXIT,short_term,22.056,-0.7215,BEAR_RISK_OFF,17.4907,6.8541,25.0,0.5,1.1988,BROKEN_CHART_QUALITY_RECOVERY,2022-06-22,,24.6924,True,ANET
HIGH_ATR_CAP,TECHNICAL_NATIVE,9,2025-03-18,1959,BUY_FULL,NEXT_OPEN,83.51,quality_dislocation,0,1,2025-03-31,1968,74.86,STOP_LOSS_EXIT,medium_term,74.86,-10.7532,BEAR_RISK_OFF,-178.0191,5.8185,0.0,0.5,-10.358,BROKEN_CHART_QUALITY_RECOVERY,2025-03-17,,89.9975,False,ANET
HIGH_ATR_CAP,TECHNICAL_NATIVE,9,2025-03-18,1959,BUY_FULL,NEXT_OPEN,83.51,quality_dislocation,0,1,2025-03-31,1968,75.24,STOP_LOSS_EXIT,short_term,75.24,-10.7532,BEAR_RISK_OFF,-170.1986,5.8185,0.0,0.5,-9.903,BROKEN_CHART_QUALITY_RECOVERY,2025-03-17,,89.7125,False,ANET
HIGH_ATR_CAP,TECHNICAL_NATIVE,141,2025-04-15,1979,BUY_FULL,NEXT_OPEN,73.17,quality_dislocation,0,3,2025-11-05,2120,140.42,MAX_SIM_WINDOW_EXIT,medium_term,60.5623,-8.9928,BEAR_RISK_OFF,57.5367,125.4203,25.0,0.5,72.1627,BROKEN_CHART_QUALITY_RECOVERY,2025-04-14,,82.6258,True,ANET
HIGH_ATR_CAP,TECHNICAL_NATIVE,30,2025-04-15,1979,BUY_FULL,NEXT_OPEN,73.17,quality_dislocation,0,3,2025-05-29,2009,90.3796,TRAILING_STOP_EXIT,short_term,59.1614,-8.9928,BEAR_RISK_OFF,59.0638,35.9437,25.0,0.5,21.2297,BROKEN_CHART_QUALITY_RECOVERY,2025-04-14,,83.6764,True,ANET
,TECHNICAL_NATIVE,18,2022-02-28,1194,BUY_STARTER,NEXT_OPEN,231.15,quality_dislocation,0,3,2022-03-24,1212,231.15,STOP_LOSS_EXIT,medium_term,216.7,-1.9338,BEAR_RISK_OFF,15.6522,7.4886,25.0,0.5,1.1721,BROKEN_CHART_QUALITY_RECOVERY,2022-02-25,,241.9875,True,AMT
,TECHNICAL_NATIVE,18,2022-02-28,1194,BUY_STARTER,NEXT_OPEN,231.15,quality_dislocation,0,3,2022-03-24,1212,231.15,TRAILING_STOP_EXIT,short_term,217.8,-1.9338,BEAR_RISK_OFF,14.4607,7.4886,25.0,0.5,1.0829,BROKEN_CHART_QUALITY_RECOVERY,2022-02-25,,241.1625,True,AMT
,TECHNICAL_NATIVE,19,2022-05-17,1249,BUY_STARTER,NEXT_OPEN,233.2,quality_dislocation,0,3,2022-06-14,1268,233.2,STOP_LOSS_EXIT,medium_term,218.6897,-1.711,BEAR_RISK_OFF,7.1804,16.2479,25.0,0.5,1.1667,BROKEN_CHART_QUALITY_RECOVERY,2022-05-16,,244.0827,True,AMT
,TECHNICAL_NATIVE,18,2022-05-17,1249,BUY_STARTER,NEXT_OPEN,233.2,quality_dislocation,0,3,2022-06-13,1267,247.3686,TRAILING_STOP_EXIT,short_term,219.7998,-1.711,BEAR_RISK_OFF,34.6765,16.2479,25.0,0.5,5.6342,BROKEN_CHART_QUALITY_RECOVERY,2022-05-16,,243.2501,True,AMT
HIGH_ATR_CAP,TECHNICAL_NATIVE,4,2020-03-26,709,BUY_STARTER,NEXT_OPEN,140.66,quality_dislocation,0,3,2020-04-01,713,140.66,STOP_LOSS_EXIT,medium_term,116.3974,-7.0169,BEAR_RISK_OFF,18.7442,17.2544,25.0,0.25,3.2342,BROKEN_CHART_QUALITY_RECOVERY,2020-03-25,,158.8569,True,AVB
HIGH_ATR_CAP,TECHNICAL_NATIVE,4,2020-03-26,709,BUY_STARTER,NEXT_OPEN,140.66,quality_dislocation,0,3,2020-04-01,713,140.66,TRAILING_STOP_EXIT,short_term,116.9883,-7.0169,BEAR_RISK_OFF,18.2878,17.2544,25.0,0.25,3.1554,BROKEN_CHART_QUALITY_RECOVERY,2020-03-25,,158.4138,True,AVB
HIGH_ATR_CAP,TECHNICAL_NATIVE,141,2020-04-02,714,BUY_STARTER,NEXT_OPEN,135.01,quality_dislocation,0,3,2020-10-22,855,146.48,MAX_SIM_WINDOW_EXIT,medium_term,116.3974,-3.5108,BEAR_RISK_OFF,28.05,31.931,25.0,0.25,8.9566,BROKEN_CHART_QUALITY_RECOVERY,2020-04-01,,148.9694,True,AVB
HIGH_ATR_CAP,TECHNICAL_NATIVE,24,2020-04-02,714,BUY_STARTER,NEXT_OPEN,135.01,quality_dislocation,0,3,2020-05-07,738,156.8857,TRAILING_STOP_EXIT,short_term,116.9883,-3.5108,BEAR_RISK_OFF,52.2055,28.072,25.0,0.25,14.6551,BROKEN_CHART_QUALITY_RECOVERY,2020-04-01,,148.5263,True,AVB
,TECHNICAL_NATIVE,5,2022-06-23,1274,BUY_STARTER,NEXT_OPEN,192.36,quality_dislocation,0,3,2022-06-30,1279,192.36,STOP_LOSS_EXIT,medium_term,180.5998,-0.2235,BEAR_RISK_OFF,22.5928,5.0738,25.0,0.5,1.1463,BROKEN_CHART_QUALITY_RECOVERY,2022-06-22,,201.1802,True,AVB
,TECHNICAL_NATIVE,5,2022-06-23,1274,BUY_STARTER,NEXT_OPEN,192.36,quality_dislocation,0,3,2022-06-30,1279,192.36,TRAILING_STOP_EXIT,short_term,181.5165,-0.2235,BEAR_RISK_OFF,20.8315,5.0738,25.0,0.5,1.057,BROKEN_CHART_QUALITY_RECOVERY,2022-06-22,,200.4926,True,AVB
,TECHNICAL_NATIVE,9,2022-10-24,1359,BUY_STARTER,NEXT_OPEN,176.1,quality_dislocation,0,1,2022-11-04,1368,165.5293,STOP_LOSS_EXIT,medium_term,165.5293,-8.7848,BEAR_RISK_OFF,-290.405,2.067,0.0,0.5,-6.0027,BROKEN_CHART_QUALITY_RECOVERY,2022-10-21,,184.0281,False,AVB
,TECHNICAL_NATIVE,9,2022-10-24,1359,BUY_STARTER,NEXT_OPEN,176.1,quality_dislocation,0,1,2022-11-04,1368,166.3695,STOP_LOSS_EXIT,short_term,166.3695,-8.7848,BEAR_RISK_OFF,-267.3225,2.067,0.0,0.5,-5.5256,BROKEN_CHART_QUALITY_RECOVERY,2022-10-21,,183.3979,False,AVB
HIGH_ATR_CAP,TECHNICAL_NATIVE,141,2020-03-26,709,BUY_FULL,NEXT_OPEN,870.18,quality_dislocation,0,3,2020-10-15,850,1193.26,MAX_SIM_WINDOW_EXIT,medium_term,674.6363,-12.9858,BEAR_RISK_OFF,70.1382,45.7089,25.0,0.5,32.0594,BROKEN_CHART_QUALITY_RECOVERY,2020-03-25,,1016.8377,True,AZO
HIGH_ATR_CAP,TECHNICAL_NATIVE,54,2020-03-26,709,BUY_FULL,NEXT_OPEN,870.18,quality_dislocation,0,3,2020-06-12,763,1085.7814,TRAILING_STOP_EXIT,short_term,678.0609,-12.9858,BEAR_RISK_OFF,64.1939,35.3961,25.0,0.5,22.7221,BROKEN_CHART_QUALITY_RECOVERY,2020-03-25,,1014.2693,True,AZO
,TECHNICAL_NATIVE,102,2019-01-02,399,BUY_FULL,NEXT_OPEN,21.19,quality_dislocation,0,3,2019-05-30,501,21.19,STOP_LOSS_EXIT,medium_term,19.7887,-3.0675,BEAR_RISK_OFF,3.5221,35.2053,25.0,1.0,1.24,BROKEN_CHART_QUALITY_RECOVERY,2018-12-31,,22.241,True,BKR
,TECHNICAL_NATIVE,45,2019-01-02,399,BUY_FULL,NEXT_OPEN,21.19,quality_dislocation,0,3,2019-03-08,444,25.6564,TRAILING_STOP_EXIT,short_term,19.8891,-3.0675,BEAR_RISK_OFF,56.863,29.8254,25.0,1.0,16.9596,BROKEN_CHART_QUALITY_RECOVERY,2018-12-31,,22.1657,True,BKR
,TECHNICAL_NATIVE,8,2019-06-04,504,BUY_STARTER,NEXT_OPEN,22.13,quality_dislocation,0,3,2019-06-14,512,22.13,STOP_LOSS_EXIT,medium_term,20.4923,-3.0727,BEAR_RISK_OFF,18.724,7.4108,25.0,0.5,1.3876,BROKEN_CHART_QUALITY_RECOVERY,2019-06-03,,23.3583,True,BKR
,TECHNICAL_NATIVE,8,2019-06-04,504,BUY_STARTER,NEXT_OPEN,22.13,quality_dislocation,0,3,2019-06-14,512,22.13,TRAILING_STOP_EXIT,short_term,20.394,-3.0727,BEAR_RISK_OFF,19.8475,7.4108,25.0,0.5,1.4709,BROKEN_CHART_QUALITY_RECOVERY,2019-06-03,,23.432,True,BKR
HIGH_ATR_CAP,TECHNICAL_NATIVE,141,2020-03-26,709,BUY_FULL,NEXT_OPEN,11.78,quality_dislocation,0,3,2020-10-15,850,13.45,MAX_SIM_WINDOW_EXIT,medium_term,8.9832,-19.8642,BEAR_RISK_OFF,23.629,63.837,25.0,0.5,15.084,BROKEN_CHART_QUALITY_RECOVERY,2020-03-25,,13.8776,True,BKR
HIGH_ATR_CAP,TECHNICAL_NATIVE,53,2020-03-26,709,BUY_FULL,NEXT_OPEN,11.78,quality_dislocation,0,3,2020-06-11,762,16.8229,TRAILING_STOP_EXIT,short_term,9.0288,-19.8642,BEAR_RISK_OFF,57.1542,63.837,25.0,0.5,36.4855,BROKEN_CHART_QUALITY_RECOVERY,2020-03-25,,13.8434,True,BKR
HIGH_ATR_CAP,TECHNICAL_NATIVE,4,2022-07-08,1284,BUY_FULL,NEXT_OPEN,28.9,quality_dislocation,0,1,2022-07-14,1288,26.4374,STOP_LOSS_EXIT,medium_term,26.4374,-11.4187,BEAR_RISK_OFF,,0.0,0.0,0.5,-8.5211,BROKEN_CHART_QUALITY_RECOVERY,2022-07-07,,30.7469,False,BKR
HIGH_ATR_CAP,TECHNICAL_NATIVE,4,2022-07-08,1284,BUY_FULL,NEXT_OPEN,28.9,quality_dislocation,0,1,2022-07-14,1288,26.5716,STOP_LOSS_EXIT,short_term,26.5716,-11.4187,BEAR_RISK_OFF,,0.0,0.0,0.5,-8.0567,BROKEN_CHART_QUALITY_RECOVERY,2022-07-07,,30.6463,False,BKR
HIGH_ATR_CAP,TECHNICAL_NATIVE,141,2025-04-15,1979,BUY_STARTER,NEXT_OPEN,37.78,quality_dislocation,0,3,2025-11-05,2120,47.04,MAX_SIM_WINDOW_EXIT,medium_term,33.096,-8.523,BEAR_RISK_OFF,59.4924,34.8068,25.0,0.25,20.7074,BROKEN_CHART_QUALITY_RECOVERY,2025-04-14,,41.293,True,BKR
HIGH_ATR_CAP,TECHNICAL_NATIVE,74,2025-04-15,1979,BUY_STARTER,NEXT_OPEN,37.78,quality_dislocation,0,3,2025-08-01,2053,43.1007,TRAILING_STOP_EXIT,short_term,33.264,-8.523,BEAR_RISK_OFF,54.1084,23.6633,25.0,0.25,12.8038,BROKEN_CHART_QUALITY_RECOVERY,2025-04-14,,41.167,True,BKR
,TECHNICAL_NATIVE,31,2018-11-01,359,BUY_FULL,NEXT_OPEN,125.29,quality_dislocation,0,3,2018-12-18,390,125.29,STOP_LOSS_EXIT,medium_term,118.6925,-0.431,BEAR_RISK_OFF,12.3951,7.9655,25.0,1.0,0.9873,BROKEN_CHART_QUALITY_RECOVERY,2018-10-31,,130.2381,True,CB
,TECHNICAL_NATIVE,28,2018-11-01,359,BUY_FULL,NEXT_OPEN,125.29,quality_dislocation,0,3,2018-12-13,387,127.4507,TRAILING_STOP_EXIT,short_term,119.295,-0.431,BEAR_RISK_OFF,27.5012,7.9655,25.0,1.0,2.1906,BROKEN_CHART_QUALITY_RECOVERY,2018-10-31,,129.7863,True,CB
HIGH_ATR_CAP,TECHNICAL_NATIVE,15,2020-04-02,714,BUY_STARTER,NEXT_OPEN,103.68,quality_dislocation,0,3,2020-04-24,729,103.68,STOP_LOSS_EXIT,medium_term,90.6594,-2.2762,BEAR_RISK_OFF,11.554,20.38,25.0,0.25,2.3547,BROKEN_CHART_QUALITY_RECOVERY,2020-04-01,,113.4454,True,CB
HIGH_ATR_CAP,TECHNICAL_NATIVE,14,2020-04-02,714,BUY_STARTER,NEXT_OPEN,103.68,quality_dislocation,0,3,2020-04-23,728,105.7664,TRAILING_STOP_EXIT,short_term,91.1196,-2.2762,BEAR_RISK_OFF,18.5513,20.38,25.0,0.25,3.7808,BROKEN_CHART_QUALITY_RECOVERY,2020-04-01,,113.1003,True,CB
HIGH_ATR_CAP,TECHNICAL_NATIVE,141,2020-03-26,709,BUY_STARTER,NEXT_OPEN,30.31,quality_dislocation,0,3,2020-10-15,850,39.0,MAX_SIM_WINDOW_EXIT,medium_term,23.7385,-2.7714,BEAR_RISK_OFF,64.2592,39.7888,25.0,0.25,25.568,BROKEN_CHART_QUALITY_RECOVERY,2020-03-25,,35.2386,True,BSX
HIGH_ATR_CAP,TECHNICAL_NATIVE,34,2020-03-26,709,BUY_STARTER,NEXT_OPEN,30.31,quality_dislocation,0,3,2020-05-14,743,34.7064,TRAILING_STOP_EXIT,short_term,23.859,-2.7714,BEAR_RISK_OFF,55.1637,26.9548,25.0,0.25,14.8693,BROKEN_CHART_QUALITY_RECOVERY,2020-03-25,,35.1482,True,BSX
,TECHNICAL_NATIVE,141,2022-06-23,1274,BUY_STARTER,NEXT_OPEN,37.16,quality_dislocation,0,3,2023-01-13,1415,46.53,MAX_SIM_WINDOW_EXIT,medium_term,34.8859,-2.718,BEAR_RISK_OFF,69.0815,29.0366,25.0,0.5,20.0589,BROKEN_CHART_QUALITY_RECOVERY,2022-06-22,,38.8656,True,BSX
,TECHNICAL_NATIVE,42,2022-06-23,1274,BUY_STARTER,NEXT_OPEN,37.16,quality_dislocation,0,3,2022-08-23,1316,41.0107,TRAILING_STOP_EXIT,short_term,34.6332,-2.718,BEAR_RISK_OFF,59.6066,15.1776,25.0,0.5,9.0468,BROKEN_CHART_QUALITY_RECOVERY,2022-06-22,,39.0551,True,BSX
,TECHNICAL_NATIVE,7,2018-11-23,374,BUY_FULL,NEXT_OPEN,62.33,quality_dislocation,0,3,2018-12-04,381,62.33,STOP_LOSS_EXIT,medium_term,60.7942,-1.9413,BEAR_RISK_OFF,6.9728,6.626,25.0,1.0,0.462,BROKEN_CHART_QUALITY_RECOVERY,2018-11-21,,63.4819,True,C
,TECHNICAL_NATIVE,7,2018-11-23,374,BUY_FULL,NEXT_OPEN,62.33,quality_dislocation,0,3,2018-12-04,381,62.33,TRAILING_STOP_EXIT,short_term,61.1028,-1.9413,BEAR_RISK_OFF,5.5714,6.626,25.0,1.0,0.3692,BROKEN_CHART_QUALITY_RECOVERY,2018-11-21,,63.2504,True,C
HIGH_ATR_CAP,TECHNICAL_NATIVE,123,2020-03-26,709,BUY_STARTER,NEXT_OPEN,43.68,quality_dislocation,0,3,2020-09-21,832,43.68,STOP_LOSS_EXIT,medium_term,31.52,-16.0485,BEAR_RISK_OFF,12.1341,43.0174,25.0,0.25,5.2198,BROKEN_CHART_QUALITY_RECOVERY,2020-03-25,,52.8,True,C
HIGH_ATR_CAP,TECHNICAL_NATIVE,53,2020-03-26,709,BUY_STARTER,NEXT_OPEN,43.68,quality_dislocation,0,3,2020-06-11,762,53.9779,TRAILING_STOP_EXIT,short_term,31.68,-16.0485,BEAR_RISK_OFF,53.0782,43.0174,25.0,0.25,22.8329,BROKEN_CHART_QUALITY_RECOVERY,2020-03-25,,52.68,True,C
,TECHNICAL_NATIVE,4,2022-06-23,1274,BUY_STARTER,NEXT_OPEN,46.87,quality_dislocation,0,3,2022-06-29,1278,46.87,STOP_LOSS_EXIT,medium_term,44.719,-2.859,BEAR_RISK_OFF,18.0044,4.7792,25.0,0.5,0.8605,BROKEN_CHART_QUALITY_RECOVERY,2022-06-22,,48.4832,True,C
,TECHNICAL_NATIVE,4,2022-06-23,1274,BUY_STARTER,NEXT_OPEN,46.87,quality_dislocation,0,3,2022-06-29,1278,46.87,TRAILING_STOP_EXIT,short_term,44.946,-2.859,BEAR_RISK_OFF,16.1048,4.7792,25.0,0.5,0.7697,BROKEN_CHART_QUALITY_RECOVERY,2022-06-22,,48.313,True,C
HIGH_ATR_CAP,TECHNICAL_NATIVE,141,2025-04-15,1979,BUY_FULL,NEXT_OPEN,64.19,quality_dislocation,0,3,2025-11-05,2120,101.69,MAX_SIM_WINDOW_EXIT,medium_term,54.6773,-4.5023,BEAR_RISK_OFF,72.2431,64.496,25.0,0.5,46.5939,BROKEN_CHART_QUALITY_RECOVERY,2025-04-14,,71.3245,True,C
HIGH_ATR_CAP,TECHNICAL_NATIVE,74,2025-04-15,1979,BUY_FULL,NEXT_OPEN,64.19,quality_dislocation,0,3,2025-08-01,2053,91.1029,TRAILING_STOP_EXIT,short_term,54.9549,-4.5023,BEAR_RISK_OFF,66.9811,50.9737,25.0,0.5,34.1427,BROKEN_CHART_QUALITY_RECOVERY,2025-04-14,,71.1163,True,C
,TECHNICAL_NATIVE,39,2022-07-08,1284,BUY_STARTER,NEXT_OPEN,180.23,quality_dislocation,0,3,2022-09-01,1323,180.23,STOP_LOSS_EXIT,medium_term,166.7506,-7.2962,BEAR_RISK_OFF,12.549,11.1746,25.0,0.5,1.4023,BROKEN_CHART_QUALITY_RECOVERY,2022-07-07,,190.3395,True,CAT
,TECHNICAL_NATIVE,4,2022-07-08,1284,BUY_STARTER,NEXT_OPEN,180.23,quality_dislocation,0,1,2022-07-14,1288,167.5971,STOP_LOSS_EXIT,short_term,167.5971,-7.2962,BEAR_RISK_OFF,,0.0,0.0,0.5,-7.0093,BROKEN_CHART_QUALITY_RECOVERY,2022-07-07,,189.7047,False,CAT
HIGH_ATR_CAP,TECHNICAL_NATIVE,141,2025-04-15,1979,BUY_STARTER,NEXT_OPEN,296.83,quality_dislocation,0,3,2025-11-05,2120,569.15,MAX_SIM_WINDOW_EXIT,medium_term,263.2905,-4.8412,BEAR_RISK_OFF,70.3215,100.8591,25.0,0.25,70.9257,BROKEN_CHART_QUALITY_RECOVERY,2025-04-14,,321.9846,True,CAT
HIGH_ATR_CAP,TECHNICAL_NATIVE,75,2025-04-15,1979,BUY_STARTER,NEXT_OPEN,296.83,quality_dislocation,0,3,2025-08-04,2054,433.7,MAX_SIM_WINDOW_EXIT,short_term,264.627,-4.8412,BEAR_RISK_OFF,75.3122,48.6204,25.0,0.25,36.6171,BROKEN_CHART_QUALITY_RECOVERY,2025-04-14,,320.9822,True,CAT
HIGH_ATR_CAP,TECHNICAL_NATIVE,141,2025-04-23,1984,BUY_STARTER,NEXT_OPEN,301.34,quality_dislocation,0,3,2025-11-12,2125,573.02,MAX_SIM_WINDOW_EXIT,medium_term,264.2459,-1.417,BEAR_RISK_OFF,71.4604,97.8529,25.0,0.25,69.926,BROKEN_CHART_QUALITY_RECOVERY,2025-04-22,,329.1605,True,CAT
HIGH_ATR_CAP,TECHNICAL_NATIVE,73,2025-04-23,1984,BUY_STARTER,NEXT_OPEN,301.34,quality_dislocation,0,3,2025-08-07,2057,418.1614,TRAILING_STOP_EXIT,short_term,265.5873,-1.417,BEAR_RISK_OFF,67.4628,46.3961,25.0,0.25,31.3001,BROKEN_CHART_QUALITY_RECOVERY,2025-04-22,,328.1545,True,CAT
,TECHNICAL_NATIVE,73,2022-02-28,1194,BUY_STARTER,NEXT_OPEN,166.66,quality_dislocation,0,3,2022-06-13,1267,166.66,STOP_LOSS_EXIT,medium_term,156.5511,-0.846,BEAR_RISK_OFF,5.6903,19.9868,25.0,0.5,1.1373,BROKEN_CHART_QUALITY_RECOVERY,2022-02-25,,174.2417,True,CCI
,TECHNICAL_NATIVE,40,2022-02-28,1194,BUY_STARTER,NEXT_OPEN,166.66,quality_dislocation,0,3,2022-04-26,1234,188.8164,TRAILING_STOP_EXIT,short_term,155.5884,-0.114,BEAR_RISK_OFF,56.119,19.9868,25.0,0.5,11.2164,BROKEN_CHART_QUALITY_RECOVERY,2022-02-25,,174.9637,True,CCI
,TECHNICAL_NATIVE,25,2018-11-01,359,BUY_STARTER,NEXT_OPEN,56.39,quality_dislocation,0,3,2018-12-10,384,56.39,STOP_LOSS_EXIT,medium_term,52.8286,-1.667,BEAR_RISK_OFF,10.8936,10.8707,25.0,0.5,1.1842,BROKEN_CHART_QUALITY_RECOVERY,2018-10-31,,59.0611,True,CCL
,TECHNICAL_NATIVE,22,2018-11-01,359,BUY_STARTER,NEXT_OPEN,56.39,quality_dislocation,0,3,2018-12-04,381,58.4293,TRAILING_STOP_EXIT,short_term,52.9353,-0.4788,BEAR_RISK_OFF,35.5174,10.8707,25.0,0.5,3.861,BROKEN_CHART_QUALITY_RECOVERY,2018-10-31,,58.981,True,CCL
HIGH_ATR_CAP,TECHNICAL_NATIVE,79,2020-04-09,719,BUY_FULL,NEXT_OPEN,12.91,quality_dislocation,0,3,2020-08-03,798,12.91,STOP_LOSS_EXIT,medium_term,7.683,-15.182,BEAR_RISK_OFF,7.9228,95.8172,25.0,0.5,7.5914,BROKEN_CHART_QUALITY_RECOVERY,2020-04-08,,16.8302,True,CCL
HIGH_ATR_CAP,TECHNICAL_NATIVE,16,2020-04-09,719,BUY_FULL,NEXT_OPEN,12.91,quality_dislocation,0,3,2020-05-04,735,13.2729,TRAILING_STOP_EXIT,short_term,7.722,-15.182,BEAR_RISK_OFF,31.7574,30.3641,25.0,0.5,9.6429,BROKEN_CHART_QUALITY_RECOVERY,2020-04-08,,16.801,True,CCL
HIGH_ATR_CAP,TECHNICAL_NATIVE,13,2020-04-17,724,BUY_FULL,NEXT_OPEN,12.71,quality_dislocation,0,3,2020-05-06,737,12.71,STOP_LOSS_EXIT,medium_term,8.4398,-10.4642,BEAR_RISK_OFF,19.4333,32.4154,25.0,0.5,6.2994,BROKEN_CHART_QUALITY_RECOVERY,2020-04-16,,15.9126,True,CCL
HIGH_ATR_CAP,TECHNICAL_NATIVE,11,2020-04-17,724,BUY_FULL,NEXT_OPEN,12.71,quality_dislocation,0,3,2020-05-04,735,13.2729,TRAILING_STOP_EXIT,short_term,7.9654,-10.4642,BEAR_RISK_OFF,31.839,32.4154,25.0,0.5,10.3207,BROKEN_CHART_QUALITY_RECOVERY,2020-04-16,,16.2685,True,CCL
HIGH_ATR_CAP,TECHNICAL_NATIVE,13,2020-04-24,729,BUY_FULL,NEXT_OPEN,12.25,quality_dislocation,0,3,2020-05-13,742,12.25,STOP_LOSS_EXIT,medium_term,10.7857,-2.9388,BEAR_RISK_OFF,5.9945,37.3878,25.0,0.5,2.2412,BROKEN_CHART_QUALITY_RECOVERY,2020-04-23,,13.3482,True,CCL
HIGH_ATR_CAP,TECHNICAL_NATIVE,6,2020-04-24,729,BUY_FULL,NEXT_OPEN,12.25,quality_dislocation,0,3,2020-05-04,735,13.2729,TRAILING_STOP_EXIT,short_term,10.8405,-2.0408,BEAR_RISK_OFF,22.52,37.3878,25.0,0.5,8.4197,BROKEN_CHART_QUALITY_RECOVERY,2020-04-23,,13.3071,True,CCL
HIGH_ATR_CAP,TECHNICAL_NATIVE,31,2022-03-14,1204,BUY_STARTER,NEXT_OPEN,17.3,quality_dislocation,0,3,2022-04-27,1235,17.3,STOP_LOSS_EXIT,medium_term,14.7159,-0.867,BEAR_RISK_OFF,11.5363,24.2775,25.0,0.25,2.8007,BROKEN_CHART_QUALITY_RECOVERY,2022-03-11,,19.2381,True,CCL
HIGH_ATR_CAP,TECHNICAL_NATIVE,18,2022-03-14,1204,BUY_STARTER,NEXT_OPEN,17.3,quality_dislocation,0,3,2022-04-07,1222,18.83,TRAILING_STOP_EXIT,short_term,14.7906,0.0,BEAR_RISK_OFF,38.5238,24.2775,25.0,0.25,9.3526,BROKEN_CHART_QUALITY_RECOVERY,2022-03-11,,19.182,True,CCL
HIGH_ATR_CAP,TECHNICAL_NATIVE,10,2022-07-08,1284,BUY_STARTER,NEXT_OPEN,9.21,quality_dislocation,0,3,2022-07-22,1294,9.21,STOP_LOSS_EXIT,medium_term,7.9785,-8.4691,BEAR_RISK_OFF,12.2169,20.5212,25.0,0.25,2.5071,BROKEN_CHART_QUALITY_RECOVERY,2022-07-07,,10.1336,True,CCL
HIGH_ATR_CAP,TECHNICAL_NATIVE,10,2022-07-08,1284,BUY_STARTER,NEXT_OPEN,9.21,quality_dislocation,0,3,2022-07-22,1294,9.21,TRAILING_STOP_EXIT,short_term,8.019,-8.4691,BEAR_RISK_OFF,11.8148,20.5212,25.0,0.25,2.4245,BROKEN_CHART_QUALITY_RECOVERY,2022-07-07,,10.1032,True,CCL
HIGH_ATR_CAP,TECHNICAL_NATIVE,141,2022-10-17,1354,BUY_STARTER,NEXT_OPEN,7.38,quality_dislocation,0,3,2023-05-10,1495,10.49,MAX_SIM_WINDOW_EXIT,medium_term,6.0184,0.0,BEAR_RISK_OFF,49.3855,71.0027,25.0,0.25,35.065,BROKEN_CHART_QUALITY_RECOVERY,2022-10-14,,8.4012,True,CCL
HIGH_ATR_CAP,TECHNICAL_NATIVE,22,2022-10-17,1354,BUY_STARTER,NEXT_OPEN,7.38,quality_dislocation,0,3,2022-11-16,1376,9.6836,TRAILING_STOP_EXIT,short_term,6.0489,0.0,BEAR_RISK_OFF,48.1083,55.6911,25.0,0.25,26.7921,BROKEN_CHART_QUALITY_RECOVERY,2022-10-14,,8.3783,True,CCL
HIGH_ATR_CAP,TECHNICAL_NATIVE,141,2025-04-15,1979,BUY_STARTER,NEXT_OPEN,17.92,quality_dislocation,0,3,2025-11-05,2120,26.9,MAX_SIM_WINDOW_EXIT,medium_term,14.8439,-4.8549,BEAR_RISK_OFF,49.1381,83.0357,25.0,0.25,40.8022,BROKEN_CHART_QUALITY_RECOVERY,2025-04-14,,20.227,True,CCL
HIGH_ATR_CAP,TECHNICAL_NATIVE,41,2025-04-15,1979,BUY_STARTER,NEXT_OPEN,17.92,quality_dislocation,0,3,2025-06-13,2020,22.7979,TRAILING_STOP_EXIT,short_term,14.9193,-4.8549,BEAR_RISK_OFF,62.6264,37.6116,25.0,0.25,23.5548,BROKEN_CHART_QUALITY_RECOVERY,2025-04-14,,20.1705,True,CCL
HIGH_ATR_CAP,TECHNICAL_NATIVE,18,2022-05-17,1249,BUY_FULL,NEXT_OPEN,143.12,quality_dislocation,0,3,2022-06-13,1267,143.12,STOP_LOSS_EXIT,medium_term,130.3352,-5.3452,BEAR_RISK_OFF,11.3825,14.7149,25.0,0.5,1.6749,BROKEN_CHART_QUALITY_RECOVERY,2022-05-16,,152.7086,True,CDNS
HIGH_ATR_CAP,TECHNICAL_NATIVE,17,2022-05-17,1249,BUY_FULL,NEXT_OPEN,143.12,quality_dislocation,0,3,2022-06-10,1266,148.4536,TRAILING_STOP_EXIT,short_term,130.9968,-5.3452,BEAR_RISK_OFF,29.7877,14.7149,25.0,0.5,4.3832,BROKEN_CHART_QUALITY_RECOVERY,2022-05-16,,152.2124,True,CDNS
HIGH_ATR_CAP,TECHNICAL_NATIVE,141,2020-03-26,709,BUY_STARTER,NEXT_OPEN,158.0,quality_dislocation,0,3,2020-10-15,850,167.09,MAX_SIM_WINDOW_EXIT,medium_term,129.823,0.0,BEAR_RISK_OFF,33.6785,22.7405,25.0,0.25,7.6587,BROKEN_CHART_QUALITY_RECOVERY,2020-03-25,,179.1327,True,CME
HIGH_ATR_CAP,TECHNICAL_NATIVE,26,2020-03-26,709,BUY_STARTER,NEXT_OPEN,158.0,quality_dislocation,0,3,2020-05-04,735,171.1714,TRAILING_STOP_EXIT,short_term,130.482,0.0,BEAR_RISK_OFF,43.8815,21.6899,25.0,0.25,9.5178,BROKEN_CHART_QUALITY_RECOVERY,2020-03-25,,178.6385,True,CME
,TECHNICAL_NATIVE,29,2022-06-01,1259,BUY_STARTER,NEXT_OPEN,199.2,quality_dislocation,0,3,2022-07-14,1288,199.2,STOP_LOSS_EXIT,medium_term,188.0914,-2.0181,BEAR_RISK_OFF,16.1586,6.4709,25.0,0.5,1.0456,BROKEN_CHART_QUALITY_RECOVERY,2022-05-31,,207.5314,True,CME
,TECHNICAL_NATIVE,29,2022-06-01,1259,BUY_STARTER,NEXT_OPEN,199.2,quality_dislocation,0,3,2022-07-14,1288,199.2,TRAILING_STOP_EXIT,short_term,186.8571,-2.0181,BEAR_RISK_OFF,17.954,6.4709,25.0,0.5,1.1618,BROKEN_CHART_QUALITY_RECOVERY,2022-05-31,,208.4571,True,CME
HIGH_ATR_CAP,TECHNICAL_NATIVE,1,2020-03-19,704,BUY_FULL,NEXT_OPEN,33.4021,quality_dislocation,0,1,2020-03-20,705,30.7132,STOP_LOSS_EXIT,medium_term,30.7132,-8.4175,BEAR_RISK_OFF,-637.5722,1.2626,0.0,0.5,-8.05,BROKEN_CHART_QUALITY_RECOVERY,2020-03-18,,35.4187,False,CMCSA
HIGH_ATR_CAP,TECHNICAL_NATIVE,1,2020-03-19,704,BUY_FULL,NEXT_OPEN,33.4021,quality_dislocation,0,1,2020-03-20,705,30.8691,STOP_LOSS_EXIT,short_term,30.8691,-8.4175,BEAR_RISK_OFF,-600.6058,1.2626,0.0,0.5,-7.5832,BROKEN_CHART_QUALITY_RECOVERY,2020-03-18,,35.3018,False,CMCSA
HIGH_ATR_CAP,TECHNICAL_NATIVE,141,2020-04-02,714,BUY_FULL,NEXT_OPEN,30.0843,quality_dislocation,0,3,2020-10-22,855,42.2774,MAX_SIM_WINDOW_EXIT,medium_term,29.2731,0.0,BEAR_RISK_OFF,64.4143,47.9751,25.0,0.5,30.9028,BROKEN_CHART_QUALITY_RECOVERY,2020-04-01,,30.6928,True,CMCSA
HIGH_ATR_CAP,TECHNICAL_NATIVE,23,2020-04-02,714,BUY_FULL,NEXT_OPEN,30.0843,quality_dislocation,0,3,2020-05-06,737,33.2956,TRAILING_STOP_EXIT,short_term,29.4216,0.0,BEAR_RISK_OFF,38.4958,21.8692,25.0,0.5,8.4187,BROKEN_CHART_QUALITY_RECOVERY,2020-04-01,,30.5814,True,CMCSA
,TECHNICAL_NATIVE,19,2022-06-30,1279,BUY_STARTER,NEXT_OPEN,36.5605,quality_dislocation,0,3,2022-07-28,1298,36.5605,STOP_LOSS_EXIT,medium_term,34.6735,-0.2564,BEAR_RISK_OFF,8.0153,12.0738,25.0,0.5,0.9677,BROKEN_CHART_QUALITY_RECOVERY,2022-06-29,,37.9757,True,CMCSA
,TECHNICAL_NATIVE,2,2022-06-30,1279,BUY_STARTER,NEXT_OPEN,36.5605,quality_dislocation,0,3,2022-07-05,1281,36.5605,TRAILING_STOP_EXIT,short_term,34.8495,-0.2564,BEAR_RISK_OFF,24.8052,3.5375,25.0,0.5,0.8775,BROKEN_CHART_QUALITY_RECOVERY,2022-06-29,,37.8437,True,CMCSA
,TECHNICAL_NATIVE,1,2022-09-02,1324,BUY_FULL,NEXT_OPEN,34.6204,quality_dislocation,0,1,2022-09-06,1325,32.8733,STOP_LOSS_EXIT,medium_term,32.8733,-6.3617,BEAR_RISK_OFF,,0.0,0.0,1.0,-5.0465,BROKEN_CHART_QUALITY_RECOVERY,2022-09-01,,35.9307,False,CMCSA
,TECHNICAL_NATIVE,1,2022-09-02,1324,BUY_FULL,NEXT_OPEN,34.6204,quality_dislocation,0,1,2022-09-06,1325,33.0402,STOP_LOSS_EXIT,short_term,33.0402,-6.3617,BEAR_RISK_OFF,,0.0,0.0,1.0,-4.5644,BROKEN_CHART_QUALITY_RECOVERY,2022-09-01,,35.8056,False,CMCSA
,TECHNICAL_NATIVE,2,2022-09-19,1334,BUY_STARTER,NEXT_OPEN,32.2024,quality_dislocation,0,1,2022-09-21,1336,30.8424,STOP_LOSS_EXIT,medium_term,30.8424,-4.8894,BEAR_RISK_OFF,,0.0,0.0,0.5,-4.2234,BROKEN_CHART_QUALITY_RECOVERY,2022-09-16,,33.2225,False,CMCSA
,TECHNICAL_NATIVE,2,2022-09-19,1334,BUY_STARTER,NEXT_OPEN,32.2024,quality_dislocation,0,1,2022-09-21,1336,30.999,STOP_LOSS_EXIT,short_term,30.999,-4.8894,BEAR_RISK_OFF,,0.0,0.0,0.5,-3.7371,BROKEN_CHART_QUALITY_RECOVERY,2022-09-16,,33.105,False,CMCSA
,TECHNICAL_NATIVE,13,2022-10-17,1354,BUY_STARTER,NEXT_OPEN,28.5567,quality_dislocation,0,3,2022-11-03,1367,28.5567,STOP_LOSS_EXIT,medium_term,26.4239,-1.4112,BEAR_RISK_OFF,11.2584,12.4385,25.0,0.5,1.4004,BROKEN_CHART_QUALITY_RECOVERY,2022-10-14,,30.1563,True,CMCSA
,TECHNICAL_NATIVE,9,2022-10-17,1354,BUY_STARTER,NEXT_OPEN,28.5567,quality_dislocation,0,3,2022-10-28,1363,29.3172,TRAILING_STOP_EXIT,short_term,26.3412,-1.3784,BEAR_RISK_OFF,27.752,12.4385,25.0,0.5,3.4519,BROKEN_CHART_QUALITY_RECOVERY,2022-10-14,,30.2183,True,CMCSA
HIGH_ATR_CAP,TECHNICAL_NATIVE,17,2022-05-17,1249,BUY_STARTER,NEXT_OPEN,26.5724,quality_dislocation,0,3,2022-06-10,1266,26.5724,STOP_LOSS_EXIT,medium_term,24.4814,-7.3542,BEAR_RISK_OFF,22.8589,6.4548,25.0,0.25,1.4755,BROKEN_CHART_QUALITY_RECOVERY,2022-05-16,,28.1407,True,CMG
HIGH_ATR_CAP,TECHNICAL_NATIVE,17,2022-05-17,1249,BUY_STARTER,NEXT_OPEN,26.5724,quality_dislocation,0,3,2022-06-10,1266,26.5724,TRAILING_STOP_EXIT,short_term,24.6057,-7.3542,BEAR_RISK_OFF,21.5005,6.4548,25.0,0.25,1.3878,BROKEN_CHART_QUALITY_RECOVERY,2022-05-16,,28.0475,True,CMG
,TECHNICAL_NATIVE,13,2022-05-24,1254,BUY_STARTER,NEXT_OPEN,25.5738,quality_dislocation,0,3,2022-06-13,1267,25.5738,STOP_LOSS_EXIT,medium_term,24.2489,-5.0653,BEAR_RISK_OFF,9.1542,10.6116,25.0,0.5,0.9714,BROKEN_CHART_QUALITY_RECOVERY,2022-05-23,,26.5675,True,CMG
,TECHNICAL_NATIVE,13,2022-05-24,1254,BUY_STARTER,NEXT_OPEN,25.5738,quality_dislocation,0,3,2022-06-13,1267,25.6003,TRAILING_STOP_EXIT,short_term,24.372,-5.0653,BEAR_RISK_OFF,9.035,10.6116,25.0,0.5,0.9588,BROKEN_CHART_QUALITY_RECOVERY,2022-05-23,,26.4751,True,CMG
,TECHNICAL_NATIVE,9,2025-03-18,1959,BUY_STARTER,NEXT_OPEN,49.33,quality_dislocation,0,3,2025-03-31,1968,49.33,STOP_LOSS_EXIT,medium_term,46.8367,-3.2029,BEAR_RISK_OFF,23.4909,4.0341,25.0,0.5,0.9476,BROKEN_CHART_QUALITY_RECOVERY,2025-03-17,,51.1999,True,CMG
,TECHNICAL_NATIVE,9,2025-03-18,1959,BUY_STARTER,NEXT_OPEN,49.33,quality_dislocation,0,3,2025-03-31,1968,49.33,TRAILING_STOP_EXIT,short_term,47.0745,-3.2029,BEAR_RISK_OFF,21.251,4.0341,25.0,0.5,0.8573,BROKEN_CHART_QUALITY_RECOVERY,2025-03-17,,51.0216,True,CMG
,TECHNICAL_NATIVE,141,2019-01-02,399,BUY_STARTER,NEXT_OPEN,74.49,quality_dislocation,0,3,2019-07-25,540,95.9,MAX_SIM_WINDOW_EXIT,medium_term,68.8515,0.0,BEAR_RISK_OFF,75.5952,30.3933,25.0,0.5,22.9759,BROKEN_CHART_QUALITY_RECOVERY,2018-12-31,,78.7189,True,COF
,TECHNICAL_NATIVE,14,2019-01-02,399,BUY_STARTER,NEXT_OPEN,74.49,quality_dislocation,0,3,2019-01-23,413,79.4107,TRAILING_STOP_EXIT,short_term,69.201,0.0,BEAR_RISK_OFF,43.515,14.4449,25.0,0.5,6.2857,BROKEN_CHART_QUALITY_RECOVERY,2018-12-31,,78.4567,True,COF
,TECHNICAL_NATIVE,5,2022-06-23,1274,BUY_STARTER,NEXT_OPEN,105.33,quality_dislocation,0,3,2022-06-30,1279,105.33,STOP_LOSS_EXIT,medium_term,97.0619,-3.5697,BEAR_RISK_OFF,19.2819,7.6332,25.0,0.5,1.4718,BROKEN_CHART_QUALITY_RECOVERY,2022-06-22,,111.5311,True,COF
,TECHNICAL_NATIVE,5,2022-06-23,1274,BUY_STARTER,NEXT_OPEN,105.33,quality_dislocation,0,3,2022-06-30,1279,105.33,TRAILING_STOP_EXIT,short_term,97.5546,-3.5697,BEAR_RISK_OFF,18.133,7.6332,25.0,0.5,1.3841,BROKEN_CHART_QUALITY_RECOVERY,2022-06-22,,111.1616,True,COF
,TECHNICAL_NATIVE,2,2022-06-30,1279,BUY_STARTER,NEXT_OPEN,103.0,quality_dislocation,0,3,2022-07-05,1281,103.0,STOP_LOSS_EXIT,medium_term,97.0619,-0.4951,BEAR_RISK_OFF,24.5781,4.3981,25.0,0.5,1.081,BROKEN_CHART_QUALITY_RECOVERY,2022-06-29,,107.4536,True,COF
,TECHNICAL_NATIVE,2,2022-06-30,1279,BUY_STARTER,NEXT_OPEN,103.0,quality_dislocation,0,3,2022-07-05,1281,103.0,TRAILING_STOP_EXIT,short_term,97.5546,-0.4951,BEAR_RISK_OFF,22.5384,4.3981,25.0,0.5,0.9913,BROKEN_CHART_QUALITY_RECOVERY,2022-06-29,,107.084,True,COF
,TECHNICAL_NATIVE,8,2022-10-10,1349,BUY_STARTER,NEXT_OPEN,94.55,quality_dislocation,0,3,2022-10-20,1357,94.55,STOP_LOSS_EXIT,medium_term,88.9159,-4.0613,BEAR_RISK_OFF,18.0268,6.1978,25.0,0.5,1.1173,BROKEN_CHART_QUALITY_RECOVERY,2022-10-07,,98.7755,True,COF
,TECHNICAL_NATIVE,8,2022-10-10,1349,BUY_STARTER,NEXT_OPEN,94.55,quality_dislocation,0,3,2022-10-20,1357,94.55,TRAILING_STOP_EXIT,short_term,89.3673,-4.0613,BEAR_RISK_OFF,16.5827,6.1978,25.0,0.5,1.0278,BROKEN_CHART_QUALITY_RECOVERY,2022-10-07,,98.437,True,COF
,TECHNICAL_NATIVE,50,2022-12-28,1404,BUY_STARTER,NEXT_OPEN,91.07,quality_dislocation,0,3,2023-03-13,1454,91.07,STOP_LOSS_EXIT,medium_term,85.6753,-1.2518,BEAR_RISK_OFF,3.159,35.1598,25.0,0.5,1.1107,BROKEN_CHART_QUALITY_RECOVERY,2022-12-27,,95.116,True,COF
,TECHNICAL_NATIVE,14,2022-12-28,1404,BUY_STARTER,NEXT_OPEN,91.07,quality_dislocation,0,3,2023-01-19,1418,94.6886,TRAILING_STOP_EXIT,short_term,86.1102,-1.2518,BEAR_RISK_OFF,26.8525,14.9006,25.0,0.5,4.0012,BROKEN_CHART_QUALITY_RECOVERY,2022-12-27,,94.7898,True,COF
,TECHNICAL_NATIVE,3,2022-10-10,1349,BUY_STARTER,NEXT_OPEN,469.69,quality_dislocation,0,1,2022-10-13,1352,454.6858,STOP_LOSS_EXIT,medium_term,454.6858,-4.3986,BEAR_RISK_OFF,-149.2962,2.1397,0.0,0.5,-3.1945,BROKEN_CHART_QUALITY_RECOVERY,2022-10-07,,480.9431,False,COST
,TECHNICAL_NATIVE,3,2022-10-10,1349,BUY_STARTER,NEXT_OPEN,469.69,quality_dislocation,0,3,2022-10-13,1352,469.69,TRAILING_STOP_EXIT,short_term,456.9939,-4.3986,BEAR_RISK_OFF,23.6869,2.1397,25.0,0.5,0.5068,BROKEN_CHART_QUALITY_RECOVERY,2022-10-07,,479.2121,True,COST
,TECHNICAL_NATIVE,141,2023-01-05,1409,BUY_FULL,NEXT_OPEN,454.54,quality_dislocation,0,3,2023-07-31,1550,560.67,MAX_SIM_WINDOW_EXIT,medium_term,441.1815,0.0,BEAR_RISK_OFF,70.4015,25.6567,25.0,1.0,18.0627,BROKEN_CHART_QUALITY_RECOVERY,2023-01-04,,464.5589,True,COST
,TECHNICAL_NATIVE,24,2023-01-05,1409,BUY_FULL,NEXT_OPEN,454.54,quality_dislocation,0,3,2023-02-09,1433,500.3457,TRAILING_STOP_EXIT,short_term,443.421,0.0,BEAR_RISK_OFF,48.2573,16.6124,25.0,1.0,8.0167,BROKEN_CHART_QUALITY_RECOVERY,2023-01-04,,462.8793,True,COST
,TECHNICAL_NATIVE,22,2019-06-04,504,BUY_FULL,NEXT_OPEN,59.87,quality_dislocation,0,3,2019-07-05,526,59.87,STOP_LOSS_EXIT,medium_term,56.9527,-4.8271,BEAR_RISK_OFF,15.9475,5.7291,25.0,1.0,0.9136,BROKEN_CHART_QUALITY_RECOVERY,2019-06-03,,62.058,True,COP
,TECHNICAL_NATIVE,1,2019-06-04,504,BUY_FULL,NEXT_OPEN,59.87,quality_dislocation,0,1,2019-06-05,505,57.2418,STOP_LOSS_EXIT,short_term,57.2418,-4.8271,BEAR_RISK_OFF,,0.0,0.0,1.0,-4.3898,BROKEN_CHART_QUALITY_RECOVERY,2019-06-03,,61.8411,False,COP
HIGH_ATR_CAP,TECHNICAL_NATIVE,141,2020-03-26,709,BUY_FULL,NEXT_OPEN,31.12,quality_dislocation,0,3,2020-10-15,850,35.4,MAX_SIM_WINDOW_EXIT,medium_term,20.5274,-11.5681,BEAR_RISK_OFF,26.4165,63.2069,25.0,0.5,16.6971,BROKEN_CHART_QUALITY_RECOVERY,2020-03-25,,39.0645,True,COP
HIGH_ATR_CAP,TECHNICAL_NATIVE,53,2020-03-26,709,BUY_FULL,NEXT_OPEN,31.12,quality_dislocation,0,3,2020-06-11,762,45.4971,TRAILING_STOP_EXIT,short_term,20.6316,-11.5681,BEAR_RISK_OFF,64.8167,63.2069,25.0,0.5,40.9686,BROKEN_CHART_QUALITY_RECOVERY,2020-03-25,,38.9863,True,COP
HIGH_ATR_CAP,TECHNICAL_NATIVE,8,2020-04-02,714,BUY_FULL,NEXT_OPEN,31.25,quality_dislocation,0,3,2020-04-15,722,31.25,STOP_LOSS_EXIT,medium_term,22.8109,-1.664,BEAR_RISK_OFF,23.5115,21.536,25.0,0.5,5.0634,BROKEN_CHART_QUALITY_RECOVERY,2020-04-01,,37.5793,True,COP
HIGH_ATR_CAP,TECHNICAL_NATIVE,48,2020-04-02,714,BUY_FULL,NEXT_OPEN,31.25,quality_dislocation,0,3,2020-06-11,762,45.4971,TRAILING_STOP_EXIT,short_term,21.8732,-2.336,BEAR_RISK_OFF,63.6822,62.528,25.0,0.5,39.8192,BROKEN_CHART_QUALITY_RECOVERY,2020-04-01,,38.2826,True,COP
HIGH_ATR_CAP,TECHNICAL_NATIVE,26,2025-04-15,1979,BUY_STARTER,NEXT_OPEN,86.6,quality_dislocation,0,3,2025-05-22,2005,86.6,STOP_LOSS_EXIT,medium_term,78.6818,-2.0092,BEAR_RISK_OFF,17.5076,9.7922,25.0,0.25,1.7144,BROKEN_CHART_QUALITY_RECOVERY,2025-04-14,,92.5386,True,COP
HIGH_ATR_CAP,TECHNICAL_NATIVE,26,2025-04-15,1979,BUY_STARTER,NEXT_OPEN,86.6,quality_dislocation,0,3,2025-05-22,2005,86.8643,TRAILING_STOP_EXIT,short_term,79.0812,-2.0092,BEAR_RISK_OFF,18.962,9.7922,25.0,0.25,1.8568,BROKEN_CHART_QUALITY_RECOVERY,2025-04-14,,92.2391,True,COP
HIGH_ATR_CAP,TECHNICAL_NATIVE,96,2022-05-26,746,BUY_FULL,NEXT_OPEN,145.7,quality_dislocation,0,3,2022-10-13,842,145.7,STOP_LOSS_EXIT,medium_term,128.05,-2.2924,BEAR_RISK_OFF,5.5129,41.2011,25.0,0.5,2.2714,BROKEN_CHART_QUALITY_RECOVERY,2022-05-25,,158.9375,True,CRWD
HIGH_ATR_CAP,TECHNICAL_NATIVE,40,2022-05-26,746,BUY_FULL,NEXT_OPEN,145.7,quality_dislocation,0,3,2022-07-26,786,168.1635,TRAILING_STOP_EXIT,short_term,128.7,0.0,BEAR_RISK_OFF,40.7632,33.7337,25.0,0.5,13.7509,BROKEN_CHART_QUALITY_RECOVERY,2022-05-25,,158.45,True,CRWD
HIGH_ATR_CAP,TECHNICAL_NATIVE,131,2020-03-26,709,BUY_STARTER,NEXT_OPEN,70.3,quality_dislocation,0,3,2020-10-01,840,70.3,STOP_LOSS_EXIT,medium_term,50.826,-4.6657,BEAR_RISK_OFF,10.9684,47.3542,25.0,0.25,5.194,BROKEN_CHART_QUALITY_RECOVERY,2020-03-25,,84.9055,True,CVX
HIGH_ATR_CAP,TECHNICAL_NATIVE,53,2020-03-26,709,BUY_STARTER,NEXT_OPEN,70.3,quality_dislocation,0,3,2020-06-11,762,94.2107,TRAILING_STOP_EXIT,short_term,51.084,-4.6657,BEAR_RISK_OFF,64.6922,47.3542,25.0,0.25,30.6345,BROKEN_CHART_QUALITY_RECOVERY,2020-03-25,,84.712,True,CVX
HIGH_ATR_CAP,TECHNICAL_NATIVE,121,2020-04-02,714,BUY_FULL,NEXT_OPEN,71.75,quality_dislocation,0,3,2020-09-24,835,71.75,STOP_LOSS_EXIT,medium_term,52.9159,-1.7422,BEAR_RISK_OFF,11.0911,44.3763,25.0,0.5,4.9218,BROKEN_CHART_QUALITY_RECOVERY,2020-04-01,,85.8756,True,CVX
HIGH_ATR_CAP,TECHNICAL_NATIVE,48,2020-04-02,714,BUY_FULL,NEXT_OPEN,71.75,quality_dislocation,0,3,2020-06-11,762,94.2107,TRAILING_STOP_EXIT,short_term,51.084,0.0,BEAR_RISK_OFF,65.0767,44.3763,25.0,0.5,28.8786,BROKEN_CHART_QUALITY_RECOVERY,2020-04-01,,87.2495,True,CVX
,TECHNICAL_NATIVE,10,2022-10-24,1359,BUY_FULL,NEXT_OPEN,66.0,quality_dislocation,0,3,2022-11-07,1369,66.0,STOP_LOSS_EXIT,medium_term,61.3104,-9.5909,BEAR_RISK_OFF,18.3188,7.2727,25.0,1.0,1.3323,BROKEN_CHART_QUALITY_RECOVERY,2022-10-21,,69.5172,True,D
,TECHNICAL_NATIVE,10,2022-10-24,1359,BUY_FULL,NEXT_OPEN,66.0,quality_dislocation,0,3,2022-11-07,1369,66.2143,TRAILING_STOP_EXIT,short_term,61.083,-9.5909,BEAR_RISK_OFF,22.5551,7.2727,25.0,1.0,1.6404,BROKEN_CHART_QUALITY_RECOVERY,2022-10-21,,69.6877,True,D
HIGH_ATR_CAP,TECHNICAL_NATIVE,141,2020-03-26,709,BUY_FULL,NEXT_OPEN,14.0293,quality_dislocation,0,3,2020-10-15,850,24.8033,MAX_SIM_WINDOW_EXIT,medium_term,11.6758,-5.9946,BEAR_RISK_OFF,74.1973,81.867,25.0,0.5,60.7431,BROKEN_CHART_QUALITY_RECOVERY,2020-03-25,,15.7944,True,DD
HIGH_ATR_CAP,TECHNICAL_NATIVE,34,2020-03-26,709,BUY_FULL,NEXT_OPEN,14.0293,quality_dislocation,0,3,2020-05-14,743,18.0711,TRAILING_STOP_EXIT,short_term,11.735,-5.9946,BEAR_RISK_OFF,53.0328,46.5255,25.0,0.5,24.6738,BROKEN_CHART_QUALITY_RECOVERY,2020-03-25,,15.75,True,DD
HIGH_ATR_CAP,TECHNICAL_NATIVE,141,2020-04-02,714,BUY_FULL,NEXT_OPEN,13.59,quality_dislocation,0,3,2020-10-22,855,24.887,MAX_SIM_WINDOW_EXIT,medium_term,11.6758,-2.9557,BEAR_RISK_OFF,74.0624,87.7463,25.0,0.5,64.9871,BROKEN_CHART_QUALITY_RECOVERY,2020-04-01,,15.0256,True,DD
HIGH_ATR_CAP,TECHNICAL_NATIVE,29,2020-04-02,714,BUY_FULL,NEXT_OPEN,13.59,quality_dislocation,0,3,2020-05-14,743,18.0711,TRAILING_STOP_EXIT,short_term,11.735,-2.9557,BEAR_RISK_OFF,53.2358,51.2623,25.0,0.5,27.2899,BROKEN_CHART_QUALITY_RECOVERY,2020-04-01,,14.9812,True,DD
,TECHNICAL_NATIVE,4,2022-04-26,1234,BUY_STARTER,NEXT_OPEN,28.2301,quality_dislocation,0,1,2022-05-02,1238,27.0195,STOP_LOSS_EXIT,medium_term,27.0195,-4.6243,BEAR_RISK_OFF,-328.7907,1.3043,0.0,0.5,-4.2884,BROKEN_CHART_QUALITY_RECOVERY,2022-04-25,,29.1381,False,DD
,TECHNICAL_NATIVE,4,2022-04-26,1234,BUY_STARTER,NEXT_OPEN,28.2301,quality_dislocation,0,1,2022-05-02,1238,27.1567,STOP_LOSS_EXIT,short_term,27.1567,-4.6243,BEAR_RISK_OFF,-291.5289,1.3043,0.0,0.5,-3.8024,BROKEN_CHART_QUALITY_RECOVERY,2022-04-25,,29.0352,False,DD
,TECHNICAL_NATIVE,22,2022-05-10,1244,BUY_FULL,NEXT_OPEN,27.2469,quality_dislocation,0,3,2022-06-10,1266,27.2469,STOP_LOSS_EXIT,medium_term,25.6388,-4.6376,BEAR_RISK_OFF,18.9137,5.8507,25.0,1.0,1.1066,BROKEN_CHART_QUALITY_RECOVERY,2022-05-09,,28.4529,True,DD
,TECHNICAL_NATIVE,22,2022-05-10,1244,BUY_FULL,NEXT_OPEN,27.2469,quality_dislocation,0,3,2022-06-10,1266,27.2469,TRAILING_STOP_EXIT,short_term,25.769,-4.6376,BEAR_RISK_OFF,17.3831,5.8507,25.0,1.0,1.017,BROKEN_CHART_QUALITY_RECOVERY,2022-05-09,,28.3553,True,DD
,TECHNICAL_NATIVE,17,2022-05-17,1249,BUY_FULL,NEXT_OPEN,27.3808,quality_dislocation,0,3,2022-06-10,1266,27.3808,STOP_LOSS_EXIT,medium_term,25.5935,-5.0886,BEAR_RISK_OFF,22.949,5.3331,25.0,1.0,1.2239,BROKEN_CHART_QUALITY_RECOVERY,2022-05-16,,28.7212,True,DD
,TECHNICAL_NATIVE,17,2022-05-17,1249,BUY_FULL,NEXT_OPEN,27.3808,quality_dislocation,0,3,2022-06-10,1266,27.3808,TRAILING_STOP_EXIT,short_term,25.7234,-5.0886,BEAR_RISK_OFF,21.2798,5.3331,25.0,1.0,1.1349,BROKEN_CHART_QUALITY_RECOVERY,2022-05-16,,28.6237,True,DD
,TECHNICAL_NATIVE,38,2022-07-08,1284,BUY_STARTER,NEXT_OPEN,23.5272,quality_dislocation,0,3,2022-08-31,1322,23.5272,STOP_LOSS_EXIT,medium_term,21.8225,-6.0822,BEAR_RISK_OFF,10.7897,12.5911,25.0,0.5,1.3585,BROKEN_CHART_QUALITY_RECOVERY,2022-07-07,,24.8057,True,DD
,TECHNICAL_NATIVE,31,2022-07-08,1284,BUY_STARTER,NEXT_OPEN,23.5272,quality_dislocation,0,3,2022-08-22,1315,24.5574,TRAILING_STOP_EXIT,short_term,21.7759,-6.0822,BEAR_RISK_OFF,37.1671,12.5911,25.0,0.5,4.6798,BROKEN_CHART_QUALITY_RECOVERY,2022-07-07,,24.8407,True,DD
HIGH_ATR_CAP,TECHNICAL_NATIVE,141,2025-04-15,1979,BUY_STARTER,NEXT_OPEN,25.2552,quality_dislocation,0,3,2025-11-05,2120,39.63,MAX_SIM_WINDOW_EXIT,medium_term,22.1604,-3.0815,BEAR_RISK_OFF,77.792,57.8287,25.0,0.25,44.9861,BROKEN_CHART_QUALITY_RECOVERY,2025-04-14,,27.5763,True,DD
HIGH_ATR_CAP,TECHNICAL_NATIVE,27,2025-04-15,1979,BUY_STARTER,NEXT_OPEN,25.2552,quality_dislocation,0,3,2025-05-23,2006,28.1814,TRAILING_STOP_EXIT,short_term,22.2729,-3.0815,BEAR_RISK_OFF,53.7277,20.2949,25.0,0.25,10.904,BROKEN_CHART_QUALITY_RECOVERY,2025-04-14,,27.492,True,DD
HIGH_ATR_CAP,TECHNICAL_NATIVE,141,2025-04-23,1984,BUY_FULL,NEXT_OPEN,26.6402,quality_dislocation,0,3,2025-11-12,2125,40.79,MAX_SIM_WINDOW_EXIT,medium_term,22.1926,-0.2513,BEAR_RISK_OFF,78.4538,54.7663,25.0,0.5,42.9663,BROKEN_CHART_QUALITY_RECOVERY,2025-04-22,,29.9758,True,DD
HIGH_ATR_CAP,TECHNICAL_NATIVE,22,2025-04-23,1984,BUY_FULL,NEXT_OPEN,26.6402,quality_dislocation,0,3,2025-05-23,2006,28.1814,TRAILING_STOP_EXIT,short_term,22.2729,-0.2513,BEAR_RISK_OFF,52.7938,14.0411,25.0,0.5,7.4128,BROKEN_CHART_QUALITY_RECOVERY,2025-04-22,,29.9156,True,DD
,TECHNICAL_NATIVE,13,2018-11-01,359,BUY_STARTER,NEXT_OPEN,136.21,quality_dislocation,0,3,2018-11-20,372,136.21,STOP_LOSS_EXIT,medium_term,126.3952,-0.2496,BEAR_RISK_OFF,13.1167,10.3003,25.0,0.5,1.3511,BROKEN_CHART_QUALITY_RECOVERY,2018-10-31,,143.5711,True,DE
,TECHNICAL_NATIVE,13,2018-11-01,359,BUY_STARTER,NEXT_OPEN,136.21,quality_dislocation,0,3,2018-11-20,372,138.5057,TRAILING_STOP_EXIT,short_term,127.0368,-0.2496,BEAR_RISK_OFF,24.5313,10.3003,25.0,0.5,2.5268,BROKEN_CHART_QUALITY_RECOVERY,2018-10-31,,143.0899,True,DE
,TECHNICAL_NATIVE,7,2022-06-23,1274,BUY_FULL,NEXT_OPEN,314.79,quality_dislocation,0,1,2022-07-05,1281,291.1561,STOP_LOSS_EXIT,medium_term,291.1561,-8.6026,BEAR_RISK_OFF,-400.5673,1.8743,0.0,1.0,-7.5078,BROKEN_CHART_QUALITY_RECOVERY,2022-06-22,,332.5154,False,DE
,TECHNICAL_NATIVE,7,2022-06-23,1274,BUY_FULL,NEXT_OPEN,314.79,quality_dislocation,0,1,2022-07-05,1281,292.6341,STOP_LOSS_EXIT,short_term,292.6341,-8.6026,BEAR_RISK_OFF,-375.5169,1.8743,0.0,1.0,-7.0383,BROKEN_CHART_QUALITY_RECOVERY,2022-06-22,,331.4069,False,DE
,TECHNICAL_NATIVE,141,2022-07-08,1284,BUY_STARTER,NEXT_OPEN,304.7,quality_dislocation,0,3,2023-01-30,1425,420.6,MAX_SIM_WINDOW_EXIT,medium_term,279.5528,-5.3692,BEAR_RISK_OFF,63.7719,47.1611,25.0,0.5,30.0755,BROKEN_CHART_QUALITY_RECOVERY,2022-07-07,,323.5604,True,DE
,TECHNICAL_NATIVE,39,2022-07-08,1284,BUY_STARTER,NEXT_OPEN,304.7,quality_dislocation,0,3,2022-09-01,1323,361.6378,TRAILING_STOP_EXIT,short_term,280.9719,-5.3692,BEAR_RISK_OFF,53.4427,28.9563,25.0,0.5,15.475,BROKEN_CHART_QUALITY_RECOVERY,2022-07-07,,322.4961,True,DE
HIGH_ATR_CAP,TECHNICAL_NATIVE,3,2020-03-19,704,BUY_FULL,NEXT_OPEN,113.1915,quality_dislocation,0,3,2020-03-24,707,113.1915,STOP_LOSS_EXIT,medium_term,105.7216,-6.3283,BEAR_RISK_OFF,16.6479,7.4326,25.0,0.5,1.2374,BROKEN_CHART_QUALITY_RECOVERY,2020-03-18,,118.7939,True,DHR
HIGH_ATR_CAP,TECHNICAL_NATIVE,2,2020-03-19,704,BUY_FULL,NEXT_OPEN,113.1915,quality_dislocation,0,1,2020-03-23,706,106.2582,STOP_LOSS_EXIT,short_term,106.2582,-6.3283,BEAR_RISK_OFF,-82.4109,7.4326,0.0,0.5,-6.1253,BROKEN_CHART_QUALITY_RECOVERY,2020-03-18,,118.3914,False,DHR
HIGH_ATR_CAP,TECHNICAL_NATIVE,141,2020-03-26,709,BUY_FULL,NEXT_OPEN,116.8883,quality_dislocation,0,3,2020-10-15,850,199.8404,MAX_SIM_WINDOW_EXIT,medium_term,104.4379,-3.1475,BEAR_RISK_OFF,76.138,72.5294,25.0,0.5,55.2224,BROKEN_CHART_QUALITY_RECOVERY,2020-03-25,,126.2261,True,DHR
HIGH_ATR_CAP,TECHNICAL_NATIVE,29,2020-03-26,709,BUY_FULL,NEXT_OPEN,116.8883,quality_dislocation,0,3,2020-05-07,738,139.905,TRAILING_STOP_EXIT,short_term,104.9681,-3.1475,BEAR_RISK_OFF,56.6983,29.4198,25.0,0.5,16.6805,BROKEN_CHART_QUALITY_RECOVERY,2020-03-25,,125.8285,True,DHR
HIGH_ATR_CAP,TECHNICAL_NATIVE,141,2020-04-02,714,BUY_FULL,NEXT_OPEN,113.3156,quality_dislocation,0,3,2020-10-22,855,207.4291,MAX_SIM_WINDOW_EXIT,medium_term,104.4379,0.0,BEAR_RISK_OFF,75.6148,84.3217,25.0,0.5,63.7597,BROKEN_CHART_QUALITY_RECOVERY,2020-04-01,,119.9739,True,DHR
HIGH_ATR_CAP,TECHNICAL_NATIVE,24,2020-04-02,714,BUY_FULL,NEXT_OPEN,113.3156,quality_dislocation,0,3,2020-05-07,738,139.905,TRAILING_STOP_EXIT,short_term,104.9681,0.0,BEAR_RISK_OFF,56.6561,33.5002,25.0,0.5,18.9799,BROKEN_CHART_QUALITY_RECOVERY,2020-04-01,,119.5762,True,DHR
,TECHNICAL_NATIVE,17,2022-05-17,1249,BUY_STARTER,NEXT_OPEN,223.1915,quality_dislocation,0,3,2022-06-10,1266,223.1915,STOP_LOSS_EXIT,medium_term,206.5558,-3.8132,BEAR_RISK_OFF,16.1173,8.671,25.0,0.5,1.3975,BROKEN_CHART_QUALITY_RECOVERY,2022-05-16,,235.6682,True,DHR
,TECHNICAL_NATIVE,17,2022-05-17,1249,BUY_STARTER,NEXT_OPEN,223.1915,quality_dislocation,0,3,2022-06-10,1266,223.1915,TRAILING_STOP_EXIT,short_term,205.1178,-3.8132,BEAR_RISK_OFF,17.5105,8.671,25.0,0.5,1.5183,BROKEN_CHART_QUALITY_RECOVERY,2022-05-16,,236.7467,True,DHR
,TECHNICAL_NATIVE,14,2025-03-11,1954,BUY_FULL,NEXT_OPEN,205.17,quality_dislocation,0,3,2025-03-31,1968,205.17,STOP_LOSS_EXIT,medium_term,199.3541,-2.9342,BEAR_RISK_OFF,10.6701,4.9812,25.0,1.0,0.5315,BROKEN_CHART_QUALITY_RECOVERY,2025-03-10,,209.5319,True,DHR
,TECHNICAL_NATIVE,14,2025-03-11,1954,BUY_FULL,NEXT_OPEN,205.17,quality_dislocation,0,3,2025-03-31,1968,205.17,TRAILING_STOP_EXIT,short_term,200.3661,-2.9342,BEAR_RISK_OFF,8.8134,4.9812,25.0,1.0,0.439,BROKEN_CHART_QUALITY_RECOVERY,2025-03-10,,208.7729,True,DHR
,TECHNICAL_NATIVE,49,2022-02-28,1194,BUY_STARTER,NEXT_OPEN,136.38,quality_dislocation,0,3,2022-05-09,1243,136.38,STOP_LOSS_EXIT,medium_term,128.1485,-3.4243,BEAR_RISK_OFF,9.0152,12.5532,25.0,0.5,1.1317,BROKEN_CHART_QUALITY_RECOVERY,2022-02-25,,142.5536,True,DLR
,TECHNICAL_NATIVE,44,2022-02-28,1194,BUY_STARTER,NEXT_OPEN,136.38,quality_dislocation,0,3,2022-05-02,1238,143.7221,TRAILING_STOP_EXIT,short_term,128.799,-3.4243,BEAR_RISK_OFF,40.4675,12.5532,25.0,0.5,5.08,BROKEN_CHART_QUALITY_RECOVERY,2022-02-25,,142.0658,True,DLR
HIGH_ATR_CAP,TECHNICAL_NATIVE,141,2020-03-25,256,BUY_STARTER,NEXT_OPEN,29.18,quality_dislocation,0,3,2020-10-14,397,48.83,MAX_SIM_WINDOW_EXIT,medium_term,21.6208,-7.745,BEAR_RISK_OFF,72.1843,76.6964,25.0,0.25,55.3628,BROKEN_CHART_QUALITY_RECOVERY,2020-03-24,,34.8494,True,DOW
HIGH_ATR_CAP,TECHNICAL_NATIVE,18,2020-03-25,256,BUY_STARTER,NEXT_OPEN,29.18,quality_dislocation,0,3,2020-04-21,274,30.2346,TRAILING_STOP_EXIT,short_term,21.7305,-7.745,BEAR_RISK_OFF,25.5579,29.3352,25.0,0.25,7.4975,BROKEN_CHART_QUALITY_RECOVERY,2020-03-24,,34.7671,True,DOW
HIGH_ATR_CAP,TECHNICAL_NATIVE,141,2020-04-01,261,BUY_STARTER,NEXT_OPEN,27.84,quality_dislocation,0,3,2020-10-21,402,48.55,MAX_SIM_WINDOW_EXIT,medium_term,24.1424,-3.2866,BEAR_RISK_OFF,68.4055,85.2012,25.0,0.25,58.2823,BROKEN_CHART_QUALITY_RECOVERY,2020-03-31,,30.6132,True,DOW
HIGH_ATR_CAP,TECHNICAL_NATIVE,13,2020-04-01,261,BUY_STARTER,NEXT_OPEN,27.84,quality_dislocation,0,3,2020-04-21,274,30.2346,TRAILING_STOP_EXIT,short_term,24.2649,-3.2866,BEAR_RISK_OFF,24.9122,35.5604,25.0,0.25,8.8589,BROKEN_CHART_QUALITY_RECOVERY,2020-03-31,,30.5213,True,DOW
HIGH_ATR_CAP,TECHNICAL_NATIVE,69,2025-04-14,1526,BUY_STARTER,NEXT_OPEN,29.15,quality_dislocation,0,1,2025-07-24,1595,24.6841,STOP_LOSS_EXIT,medium_term,24.6841,-16.3979,BEAR_RISK_OFF,-137.8367,11.1149,0.0,0.25,-15.3204,BROKEN_CHART_QUALITY_RECOVERY,2025-04-11,,32.4994,False,DOW
HIGH_ATR_CAP,TECHNICAL_NATIVE,69,2025-04-14,1526,BUY_STARTER,NEXT_OPEN,29.15,quality_dislocation,0,1,2025-07-24,1595,24.8094,STOP_LOSS_EXIT,short_term,24.8094,-16.3979,BEAR_RISK_OFF,-133.9694,11.1149,0.0,0.25,-14.8906,BROKEN_CHART_QUALITY_RECOVERY,2025-04-11,,32.4054,False,DOW
HIGH_ATR_CAP,TECHNICAL_NATIVE,22,2025-04-22,1531,BUY_STARTER,NEXT_OPEN,28.54,quality_dislocation,0,3,2025-05-22,1553,28.54,STOP_LOSS_EXIT,medium_term,24.6841,-1.7169,BEAR_RISK_OFF,18.7786,13.4898,25.0,0.25,2.5332,BROKEN_CHART_QUALITY_RECOVERY,2025-04-21,,31.4319,True,DOW
HIGH_ATR_CAP,TECHNICAL_NATIVE,19,2025-04-22,1531,BUY_STARTER,NEXT_OPEN,28.54,quality_dislocation,0,3,2025-05-19,1550,29.4157,TRAILING_STOP_EXIT,short_term,24.8094,-1.7169,BEAR_RISK_OFF,35.2283,13.4898,25.0,0.25,4.7522,BROKEN_CHART_QUALITY_RECOVERY,2025-04-21,,31.338,True,DOW
HIGH_ATR_CAP,TECHNICAL_NATIVE,141,2020-03-26,709,BUY_STARTER,NEXT_OPEN,75.18,quality_dislocation,0,3,2020-10-15,850,91.96,MAX_SIM_WINDOW_EXIT,medium_term,61.1981,0.0,BEAR_RISK_OFF,81.1454,24.9268,25.0,0.25,20.227,BROKEN_CHART_QUALITY_RECOVERY,2020-03-25,,85.6665,True,DUK
HIGH_ATR_CAP,TECHNICAL_NATIVE,25,2020-03-26,709,BUY_STARTER,NEXT_OPEN,75.18,quality_dislocation,0,3,2020-05-01,734,84.6579,TRAILING_STOP_EXIT,short_term,61.5087,0.0,BEAR_RISK_OFF,54.2748,23.7031,25.0,0.25,12.8648,BROKEN_CHART_QUALITY_RECOVERY,2020-03-25,,85.4335,True,DUK
,TECHNICAL_NATIVE,141,2022-10-24,1359,BUY_STARTER,NEXT_OPEN,89.06,quality_dislocation,0,3,2023-05-17,1500,93.02,MAX_SIM_WINDOW_EXIT,medium_term,83.0316,-0.4042,BEAR_RISK_OFF,23.6058,19.5037,25.0,0.5,4.604,BROKEN_CHART_QUALITY_RECOVERY,2022-10-21,,93.5813,True,DUK
,TECHNICAL_NATIVE,38,2022-10-24,1359,BUY_STARTER,NEXT_OPEN,89.06,quality_dislocation,0,3,2022-12-16,1397,100.1457,TRAILING_STOP_EXIT,short_term,82.9224,-0.4042,BEAR_RISK_OFF,57.5036,18.4819,25.0,0.5,10.6278,BROKEN_CHART_QUALITY_RECOVERY,2022-10-21,,93.6632,True,DUK
,TECHNICAL_NATIVE,3,2018-11-30,379,BUY_FULL,NEXT_OPEN,86.31,quality_dislocation,0,1,2018-12-06,382,80.0164,STOP_LOSS_EXIT,medium_term,80.0164,-7.8902,BEAR_RISK_OFF,-1907.3639,0.3823,0.0,1.0,-7.2919,BROKEN_CHART_QUALITY_RECOVERY,2018-11-29,,91.0302,False,EA
,TECHNICAL_NATIVE,3,2018-11-30,379,BUY_FULL,NEXT_OPEN,86.31,quality_dislocation,0,1,2018-12-06,382,79.6158,STOP_LOSS_EXIT,short_term,79.6158,-7.8902,BEAR_RISK_OFF,-2028.7714,0.3823,0.0,1.0,-7.756,BROKEN_CHART_QUALITY_RECOVERY,2018-11-29,,91.3306,False,EA
,TECHNICAL_NATIVE,141,2019-01-02,399,BUY_FULL,NEXT_OPEN,77.22,quality_dislocation,0,3,2019-07-25,540,89.16,MAX_SIM_WINDOW_EXIT,medium_term,72.8014,0.0,BEAR_RISK_OFF,30.9801,40.8961,25.0,1.0,12.6696,BROKEN_CHART_QUALITY_RECOVERY,2018-12-31,,80.534,True,EA
,TECHNICAL_NATIVE,24,2019-01-02,399,BUY_FULL,NEXT_OPEN,77.22,quality_dislocation,0,3,2019-02-06,423,85.0429,TRAILING_STOP_EXIT,short_term,73.1709,0.0,BEAR_RISK_OFF,41.5706,20.6423,25.0,1.0,8.5811,BROKEN_CHART_QUALITY_RECOVERY,2018-12-31,,80.2568,True,EA
HIGH_ATR_CAP,TECHNICAL_NATIVE,141,2020-03-26,709,BUY_FULL,NEXT_OPEN,90.47,quality_dislocation,0,3,2020-10-15,850,131.34,MAX_SIM_WINDOW_EXIT,medium_term,84.4047,0.0,BEAR_RISK_OFF,55.8793,62.8827,25.0,0.5,35.1384,BROKEN_CHART_QUALITY_RECOVERY,2020-03-25,,95.019,True,EA
HIGH_ATR_CAP,TECHNICAL_NATIVE,42,2020-03-26,709,BUY_FULL,NEXT_OPEN,90.47,quality_dislocation,0,3,2020-05-27,751,111.7379,TRAILING_STOP_EXIT,short_term,84.8331,0.0,BEAR_RISK_OFF,54.3554,34.5861,25.0,0.5,18.7994,BROKEN_CHART_QUALITY_RECOVERY,2020-03-25,,94.6977,True,EA
,TECHNICAL_NATIVE,8,2022-10-03,1344,BUY_FULL,NEXT_OPEN,116.23,quality_dislocation,0,3,2022-10-13,1352,116.23,STOP_LOSS_EXIT,medium_term,112.3589,-0.0086,BEAR_RISK_OFF,8.4793,7.3647,25.0,1.0,0.6245,BROKEN_CHART_QUALITY_RECOVERY,2022-09-30,,119.1333,True,EA
,TECHNICAL_NATIVE,8,2022-10-03,1344,BUY_FULL,NEXT_OPEN,116.23,quality_dislocation,0,3,2022-10-13,1352,116.5871,TRAILING_STOP_EXIT,short_term,112.9293,-0.0086,BEAR_RISK_OFF,10.359,7.3647,25.0,1.0,0.7629,BROKEN_CHART_QUALITY_RECOVERY,2022-09-30,,118.7055,True,EA
HIGH_ATR_CAP,TECHNICAL_NATIVE,3,2018-12-10,384,BUY_STARTER,NEXT_OPEN,26.56,quality_dislocation,0,3,2018-12-13,387,26.56,STOP_LOSS_EXIT,medium_term,25.4524,-1.0919,BEAR_RISK_OFF,13.4854,5.7982,25.0,0.25,0.7819,BROKEN_CHART_QUALITY_RECOVERY,2018-12-07,,27.3907,True,DVN
HIGH_ATR_CAP,TECHNICAL_NATIVE,3,2018-12-10,384,BUY_STARTER,NEXT_OPEN,26.56,quality_dislocation,0,3,2018-12-13,387,26.56,TRAILING_STOP_EXIT,short_term,25.5816,-1.0919,BEAR_RISK_OFF,11.9123,5.7982,25.0,0.25,0.6907,BROKEN_CHART_QUALITY_RECOVERY,2018-12-07,,27.2938,True,DVN
HIGH_ATR_CAP,TECHNICAL_NATIVE,141,2025-04-15,1979,BUY_FULL,NEXT_OPEN,28.55,quality_dislocation,0,3,2025-11-05,2120,32.34,MAX_SIM_WINDOW_EXIT,medium_term,25.5016,0.0,BEAR_RISK_OFF,39.1972,30.5079,25.0,0.5,11.9582,BROKEN_CHART_QUALITY_RECOVERY,2025-04-14,,30.8363,True,DVN
HIGH_ATR_CAP,TECHNICAL_NATIVE,26,2025-04-15,1979,BUY_FULL,NEXT_OPEN,28.55,quality_dislocation,0,3,2025-05-22,2005,31.5707,TRAILING_STOP_EXIT,short_term,25.6311,0.0,BEAR_RISK_OFF,46.1121,21.366,25.0,0.5,9.8523,BROKEN_CHART_QUALITY_RECOVERY,2025-04-14,,30.7392,True,DVN
HIGH_ATR_CAP,TECHNICAL_NATIVE,126,2020-03-26,709,BUY_STARTER,NEXT_OPEN,36.12,quality_dislocation,0,3,2020-09-24,835,36.12,STOP_LOSS_EXIT,medium_term,26.595,-7.1982,BEAR_RISK_OFF,6.788,72.8405,25.0,0.25,4.9444,BROKEN_CHART_QUALITY_RECOVERY,2020-03-25,,43.2637,True,EOG
HIGH_ATR_CAP,TECHNICAL_NATIVE,53,2020-03-26,709,BUY_STARTER,NEXT_OPEN,36.12,quality_dislocation,0,3,2020-06-11,762,55.1121,TRAILING_STOP_EXIT,short_term,26.73,-7.1982,BEAR_RISK_OFF,60.8314,72.8405,25.0,0.25,44.3099,BROKEN_CHART_QUALITY_RECOVERY,2020-03-25,,43.1625,True,EOG
HIGH_ATR_CAP,TECHNICAL_NATIVE,13,2025-04-15,1979,BUY_STARTER,NEXT_OPEN,107.74,quality_dislocation,0,3,2025-05-05,1992,107.74,STOP_LOSS_EXIT,medium_term,100.9822,-1.0303,BEAR_RISK_OFF,18.606,6.3208,25.0,0.25,1.176,BROKEN_CHART_QUALITY_RECOVERY,2025-04-14,,112.8083,True,EOG
HIGH_ATR_CAP,TECHNICAL_NATIVE,3,2025-04-15,1979,BUY_STARTER,NEXT_OPEN,107.74,quality_dislocation,0,3,2025-04-21,1982,107.74,TRAILING_STOP_EXIT,short_term,101.4948,-1.0303,BEAR_RISK_OFF,23.704,4.5851,25.0,0.25,1.0869,BROKEN_CHART_QUALITY_RECOVERY,2025-04-14,,112.4239,True,EOG
HIGH_ATR_CAP,TECHNICAL_NATIVE,10,2020-03-19,704,BUY_FULL,NEXT_OPEN,150.53,quality_dislocation,0,3,2020-04-02,714,150.53,STOP_LOSS_EXIT,medium_term,134.9548,-6.7827,BEAR_RISK_OFF,11.2538,17.2391,25.0,0.5,1.94,BROKEN_CHART_QUALITY_RECOVERY,2020-03-18,,162.2114,True,EL
HIGH_ATR_CAP,TECHNICAL_NATIVE,10,2020-03-19,704,BUY_FULL,NEXT_OPEN,150.53,quality_dislocation,0,3,2020-04-02,714,150.53,TRAILING_STOP_EXIT,short_term,135.6399,-6.7827,BEAR_RISK_OFF,10.7588,17.2391,25.0,0.5,1.8547,BROKEN_CHART_QUALITY_RECOVERY,2020-03-18,,161.6976,True,EL
HIGH_ATR_CAP,TECHNICAL_NATIVE,18,2022-05-17,1249,BUY_STARTER,NEXT_OPEN,240.98,quality_dislocation,0,3,2022-06-13,1267,240.98,STOP_LOSS_EXIT,medium_term,222.0091,-6.3408,BEAR_RISK_OFF,11.2103,13.1671,25.0,0.25,1.4761,BROKEN_CHART_QUALITY_RECOVERY,2022-05-16,,255.2081,True,EL
HIGH_ATR_CAP,TECHNICAL_NATIVE,18,2022-05-17,1249,BUY_STARTER,NEXT_OPEN,240.98,quality_dislocation,0,3,2022-06-13,1267,244.3943,TRAILING_STOP_EXIT,short_term,223.1361,-6.3408,BEAR_RISK_OFF,18.6146,13.1671,25.0,0.25,2.451,BROKEN_CHART_QUALITY_RECOVERY,2022-05-16,,254.3629,True,EL
,TECHNICAL_NATIVE,3,2022-10-10,1349,BUY_STARTER,NEXT_OPEN,219.81,quality_dislocation,0,1,2022-10-13,1352,209.8838,STOP_LOSS_EXIT,medium_term,209.8838,-6.1963,BEAR_RISK_OFF,,0.0,0.0,0.5,-4.5158,BROKEN_CHART_QUALITY_RECOVERY,2022-10-07,,227.2546,False,EL
,TECHNICAL_NATIVE,1,2022-10-10,1349,BUY_STARTER,NEXT_OPEN,219.81,quality_dislocation,0,1,2022-10-11,1350,210.9492,STOP_LOSS_EXIT,short_term,210.9492,-4.1627,BEAR_RISK_OFF,,0.0,0.0,0.5,-4.0311,BROKEN_CHART_QUALITY_RECOVERY,2022-10-07,,226.4556,False,EL
,TECHNICAL_NATIVE,2,2023-10-23,1609,BUY_STARTER,NEXT_OPEN,135.57,quality_dislocation,0,3,2023-10-25,1611,135.57,STOP_LOSS_EXIT,medium_term,132.3741,-1.6154,BEAR_RISK_OFF,11.9846,3.6881,25.0,0.5,0.442,BROKEN_CHART_QUALITY_RECOVERY,2023-10-20,,137.9669,True,EL
,TECHNICAL_NATIVE,2,2023-10-23,1609,BUY_STARTER,NEXT_OPEN,135.57,quality_dislocation,0,3,2023-10-25,1611,135.57,TRAILING_STOP_EXIT,short_term,133.0461,-1.6154,BEAR_RISK_OFF,9.4645,3.6881,25.0,0.5,0.3491,BROKEN_CHART_QUALITY_RECOVERY,2023-10-20,,137.4629,True,EL
HIGH_ATR_CAP,TECHNICAL_NATIVE,141,2025-04-15,1979,BUY_STARTER,NEXT_OPEN,54.49,quality_dislocation,0,3,2025-11-05,2120,91.09,MAX_SIM_WINDOW_EXIT,medium_term,47.6444,-4.6247,BEAR_RISK_OFF,57.4211,91.8334,25.0,0.25,52.7318,BROKEN_CHART_QUALITY_RECOVERY,2025-04-14,,59.6242,True,EL
HIGH_ATR_CAP,TECHNICAL_NATIVE,75,2025-04-15,1979,BUY_STARTER,NEXT_OPEN,54.49,quality_dislocation,0,3,2025-08-04,2054,92.5,MAX_SIM_WINDOW_EXIT,short_term,47.8863,-4.6247,BEAR_RISK_OFF,72.8882,74.8945,25.0,0.25,54.5893,BROKEN_CHART_QUALITY_RECOVERY,2025-04-14,,59.4428,True,EL
,TECHNICAL_NATIVE,141,2019-01-02,399,BUY_STARTER,NEXT_OPEN,58.8,quality_dislocation,0,3,2019-07-25,540,66.93,MAX_SIM_WINDOW_EXIT,medium_term,55.0441,-0.9694,BEAR_RISK_OFF,47.1034,24.5578,25.0,0.5,11.5676,BROKEN_CHART_QUALITY_RECOVERY,2018-12-31,,61.6169,True,EMR
,TECHNICAL_NATIVE,44,2019-01-02,399,BUY_STARTER,NEXT_OPEN,58.8,quality_dislocation,0,3,2019-03-07,443,66.4571,TRAILING_STOP_EXIT,short_term,54.8361,-0.9694,BEAR_RISK_OFF,61.8312,17.8401,25.0,0.5,11.0308,BROKEN_CHART_QUALITY_RECOVERY,2018-12-31,,61.7729,True,EMR
HIGH_ATR_CAP,TECHNICAL_NATIVE,141,2020-03-26,709,BUY_STARTER,NEXT_OPEN,48.69,quality_dislocation,0,3,2020-10-15,850,69.58,MAX_SIM_WINDOW_EXIT,medium_term,37.1837,-10.5566,BEAR_RISK_OFF,76.7654,47.6895,25.0,0.25,36.609,BROKEN_CHART_QUALITY_RECOVERY,2020-03-25,,57.3197,True,EMR
HIGH_ATR_CAP,TECHNICAL_NATIVE,26,2020-03-26,709,BUY_STARTER,NEXT_OPEN,48.69,quality_dislocation,0,3,2020-05-04,735,52.3786,TRAILING_STOP_EXIT,short_term,37.3725,-10.5566,BEAR_RISK_OFF,44.562,22.5303,25.0,0.25,10.04,BROKEN_CHART_QUALITY_RECOVERY,2020-03-25,,57.1781,True,EMR
,TECHNICAL_NATIVE,54,2022-06-30,1279,BUY_STARTER,NEXT_OPEN,79.28,quality_dislocation,0,3,2022-09-16,1333,79.28,STOP_LOSS_EXIT,medium_term,75.6184,-3.9354,BEAR_RISK_OFF,5.75,15.0605,25.0,0.5,0.866,BROKEN_CHART_QUALITY_RECOVERY,2022-06-29,,82.0262,True,EMR
,TECHNICAL_NATIVE,27,2022-06-30,1279,BUY_STARTER,NEXT_OPEN,79.28,quality_dislocation,0,3,2022-08-09,1306,86.2807,TRAILING_STOP_EXIT,short_term,76.0023,-3.9354,BEAR_RISK_OFF,49.1217,15.0605,25.0,0.5,7.398,BROKEN_CHART_QUALITY_RECOVERY,2022-06-29,,81.7383,True,EMR
HIGH_ATR_CAP,TECHNICAL_NATIVE,141,2025-04-15,1979,BUY_FULL,NEXT_OPEN,100.86,quality_dislocation,0,3,2025-11-05,2120,132.45,MAX_SIM_WINDOW_EXIT,medium_term,88.7091,-5.5027,BEAR_RISK_OFF,52.5618,48.9887,25.0,0.5,25.7494,BROKEN_CHART_QUALITY_RECOVERY,2025-04-14,,109.9732,True,EMR
HIGH_ATR_CAP,TECHNICAL_NATIVE,74,2025-04-15,1979,BUY_FULL,NEXT_OPEN,100.86,quality_dislocation,0,3,2025-08-01,2053,143.1729,TRAILING_STOP_EXIT,short_term,89.1594,-5.5027,BEAR_RISK_OFF,68.6673,48.9887,25.0,0.5,33.6392,BROKEN_CHART_QUALITY_RECOVERY,2025-04-14,,109.6355,True,EMR
,TECHNICAL_NATIVE,8,2018-11-23,374,BUY_STARTER,NEXT_OPEN,380.95,quality_dislocation,0,3,2018-12-06,382,380.95,STOP_LOSS_EXIT,medium_term,368.6264,-0.7875,BEAR_RISK_OFF,14.7742,4.1055,25.0,0.5,0.6066,BROKEN_CHART_QUALITY_RECOVERY,2018-11-21,,390.1927,True,EQIX
,TECHNICAL_NATIVE,8,2018-11-23,374,BUY_STARTER,NEXT_OPEN,380.95,quality_dislocation,0,3,2018-12-06,382,380.95,TRAILING_STOP_EXIT,short_term,370.4976,-0.7875,BEAR_RISK_OFF,12.5309,4.1055,25.0,0.5,0.5145,BROKEN_CHART_QUALITY_RECOVERY,2018-11-21,,388.7893,True,EQIX
,TECHNICAL_NATIVE,141,2019-01-02,399,BUY_FULL,NEXT_OPEN,349.28,quality_dislocation,0,3,2019-07-25,540,490.48,MAX_SIM_WINDOW_EXIT,medium_term,330.2607,-1.1767,BEAR_RISK_OFF,60.916,51.4487,25.0,1.0,31.3405,BROKEN_CHART_QUALITY_RECOVERY,2018-12-31,,363.5445,True,EQIX
,TECHNICAL_NATIVE,5,2019-01-02,399,BUY_FULL,NEXT_OPEN,349.28,quality_dislocation,0,3,2019-01-09,404,349.28,TRAILING_STOP_EXIT,short_term,331.9371,-1.1767,BEAR_RISK_OFF,20.5678,4.5265,25.0,1.0,0.931,BROKEN_CHART_QUALITY_RECOVERY,2018-12-31,,362.2872,True,EQIX
,TECHNICAL_NATIVE,11,2022-02-18,1189,BUY_STARTER,NEXT_OPEN,691.18,quality_dislocation,0,3,2022-03-08,1200,691.18,STOP_LOSS_EXIT,medium_term,652.5133,-4.1841,BEAR_RISK_OFF,21.1431,4.9611,25.0,0.5,1.0489,BROKEN_CHART_QUALITY_RECOVERY,2022-02-17,,720.18,True,EQIX
,TECHNICAL_NATIVE,11,2022-02-18,1189,BUY_STARTER,NEXT_OPEN,691.18,quality_dislocation,0,3,2022-03-08,1200,691.18,TRAILING_STOP_EXIT,short_term,655.8255,-4.1841,BEAR_RISK_OFF,19.332,4.9611,25.0,0.5,0.9591,BROKEN_CHART_QUALITY_RECOVERY,2022-02-17,,717.6959,True,EQIX
,TECHNICAL_NATIVE,17,2022-05-17,1249,BUY_STARTER,NEXT_OPEN,651.91,quality_dislocation,0,3,2022-06-10,1266,651.91,STOP_LOSS_EXIT,medium_term,612.0199,-2.9682,BEAR_RISK_OFF,17.4548,6.573,25.0,0.5,1.1473,BROKEN_CHART_QUALITY_RECOVERY,2022-05-16,,681.8275,True,EQIX
,TECHNICAL_NATIVE,17,2022-05-17,1249,BUY_STARTER,NEXT_OPEN,651.91,quality_dislocation,0,3,2022-06-10,1266,651.91,TRAILING_STOP_EXIT,short_term,615.1266,-2.9682,BEAR_RISK_OFF,16.0954,6.573,25.0,0.5,1.058,BROKEN_CHART_QUALITY_RECOVERY,2022-05-16,,679.4975,True,EQIX
,TECHNICAL_NATIVE,141,2022-10-24,1359,BUY_STARTER,NEXT_OPEN,539.63,quality_dislocation,0,3,2023-05-17,1500,728.14,MAX_SIM_WINDOW_EXIT,medium_term,494.855,-0.9136,BEAR_RISK_OFF,67.2011,41.3024,25.0,0.5,27.7557,BROKEN_CHART_QUALITY_RECOVERY,2022-10-21,,573.2113,True,EQIX
,TECHNICAL_NATIVE,38,2022-10-24,1359,BUY_STARTER,NEXT_OPEN,539.63,quality_dislocation,0,3,2022-12-16,1397,669.1607,TRAILING_STOP_EXIT,short_term,489.9411,-0.9136,BEAR_RISK_OFF,59.0256,33.4248,25.0,0.5,19.7292,BROKEN_CHART_QUALITY_RECOVERY,2022-10-21,,576.8967,True,EQIX
,TECHNICAL_NATIVE,141,2019-01-02,399,BUY_STARTER,NEXT_OPEN,67.72,quality_dislocation,0,3,2019-07-25,540,81.98,MAX_SIM_WINDOW_EXIT,medium_term,63.4931,-2.215,BEAR_RISK_OFF,62.5684,27.1116,25.0,0.5,16.9633,BROKEN_CHART_QUALITY_RECOVERY,2018-12-31,,70.8902,True,ETN
,TECHNICAL_NATIVE,17,2019-01-02,399,BUY_STARTER,NEXT_OPEN,67.72,quality_dislocation,0,3,2019-01-28,416,68.3614,TRAILING_STOP_EXIT,short_term,63.8154,-2.215,BEAR_RISK_OFF,25.1702,7.1175,25.0,0.5,1.7915,BROKEN_CHART_QUALITY_RECOVERY,2018-12-31,,70.6485,True,ETN
,TECHNICAL_NATIVE,13,2022-05-24,1254,BUY_FULL,NEXT_OPEN,132.98,quality_dislocation,0,3,2022-06-13,1267,132.98,STOP_LOSS_EXIT,medium_term,128.4834,-1.1129,BEAR_RISK_OFF,6.3344,10.009,25.0,1.0,0.634,BROKEN_CHART_QUALITY_RECOVERY,2022-05-23,,136.3524,True,ETN
,TECHNICAL_NATIVE,13,2022-05-24,1254,BUY_FULL,NEXT_OPEN,132.98,quality_dislocation,0,3,2022-06-13,1267,135.115,TRAILING_STOP_EXIT,short_term,129.1356,-1.1129,BEAR_RISK_OFF,17.4461,10.009,25.0,1.0,1.7462,BROKEN_CHART_QUALITY_RECOVERY,2022-05-23,,135.8633,True,ETN
,TECHNICAL_NATIVE,2,2022-06-30,1279,BUY_STARTER,NEXT_OPEN,125.11,quality_dislocation,0,3,2022-07-05,1281,125.11,STOP_LOSS_EXIT,medium_term,121.8347,-1.5426,BEAR_RISK_OFF,19.0134,2.5817,25.0,0.5,0.4909,BROKEN_CHART_QUALITY_RECOVERY,2022-06-29,,127.5665,True,ETN
,TECHNICAL_NATIVE,2,2022-06-30,1279,BUY_STARTER,NEXT_OPEN,125.11,quality_dislocation,0,3,2022-07-05,1281,125.11,TRAILING_STOP_EXIT,short_term,122.4531,-1.5426,BEAR_RISK_OFF,15.4235,2.5817,25.0,0.5,0.3982,BROKEN_CHART_QUALITY_RECOVERY,2022-06-29,,127.1027,True,ETN
,TECHNICAL_NATIVE,13,2025-03-11,1954,BUY_STARTER,NEXT_OPEN,276.53,quality_dislocation,0,3,2025-03-28,1967,276.53,STOP_LOSS_EXIT,medium_term,263.6156,-1.7647,BEAR_RISK_OFF,8.5232,10.2738,25.0,0.5,0.8757,BROKEN_CHART_QUALITY_RECOVERY,2025-03-10,,286.2158,True,ETN
,TECHNICAL_NATIVE,13,2025-03-11,1954,BUY_STARTER,NEXT_OPEN,276.53,quality_dislocation,0,3,2025-03-28,1967,276.53,TRAILING_STOP_EXIT,short_term,264.9537,-1.7647,BEAR_RISK_OFF,7.6401,10.2738,25.0,0.5,0.7849,BROKEN_CHART_QUALITY_RECOVERY,2025-03-10,,285.2122,True,ETN
HIGH_ATR_CAP,TECHNICAL_NATIVE,28,2020-03-26,709,BUY_STARTER,NEXT_OPEN,24.6576,quality_dislocation,0,3,2020-05-06,737,24.6576,STOP_LOSS_EXIT,medium_term,20.5712,-6.306,BEAR_RISK_OFF,20.4227,15.2155,25.0,0.25,3.1074,BROKEN_CHART_QUALITY_RECOVERY,2020-03-25,,27.7225,True,EXC
HIGH_ATR_CAP,TECHNICAL_NATIVE,26,2020-03-26,709,BUY_STARTER,NEXT_OPEN,24.6576,quality_dislocation,0,3,2020-05-04,735,25.0438,TRAILING_STOP_EXIT,short_term,20.6756,-6.306,BEAR_RISK_OFF,27.6209,15.2155,25.0,0.25,4.2027,BROKEN_CHART_QUALITY_RECOVERY,2020-03-25,,27.6442,True,EXC
,TECHNICAL_NATIVE,8,2022-10-24,1359,BUY_STARTER,NEXT_OPEN,36.95,quality_dislocation,0,3,2022-11-03,1367,36.95,STOP_LOSS_EXIT,medium_term,34.6621,-2.3004,BEAR_RISK_OFF,18.4902,6.2788,25.0,0.5,1.161,BROKEN_CHART_QUALITY_RECOVERY,2022-10-21,,38.6659,True,EXC
,TECHNICAL_NATIVE,8,2022-10-24,1359,BUY_STARTER,NEXT_OPEN,36.95,quality_dislocation,0,3,2022-11-03,1367,36.95,TRAILING_STOP_EXIT,short_term,34.8381,-2.3004,BEAR_RISK_OFF,17.0678,6.2788,25.0,0.5,1.0717,BROKEN_CHART_QUALITY_RECOVERY,2022-10-21,,38.5339,True,EXC
,TECHNICAL_NATIVE,5,2018-11-01,359,BUY_STARTER,NEXT_OPEN,112.8,quality_dislocation,0,3,2018-11-08,364,112.8,STOP_LOSS_EXIT,medium_term,104.3411,-2.8546,BEAR_RISK_OFF,23.4972,5.984,25.0,0.5,1.4061,BROKEN_CHART_QUALITY_RECOVERY,2018-10-31,,119.1442,True,FANG
,TECHNICAL_NATIVE,5,2018-11-01,359,BUY_STARTER,NEXT_OPEN,112.8,quality_dislocation,0,3,2018-11-08,364,112.8,TRAILING_STOP_EXIT,short_term,104.8707,-2.8546,BEAR_RISK_OFF,22.0261,5.984,25.0,0.5,1.318,BROKEN_CHART_QUALITY_RECOVERY,2018-10-31,,118.747,True,FANG
,TECHNICAL_NATIVE,5,2018-11-23,374,BUY_FULL,NEXT_OPEN,105.28,quality_dislocation,0,3,2018-11-30,379,105.28,STOP_LOSS_EXIT,medium_term,101.9574,-0.1995,BEAR_RISK_OFF,6.9687,8.4916,25.0,1.0,0.5918,BROKEN_CHART_QUALITY_RECOVERY,2018-11-21,,107.772,True,FANG
,TECHNICAL_NATIVE,5,2018-11-23,374,BUY_FULL,NEXT_OPEN,105.28,quality_dislocation,0,3,2018-11-30,379,105.28,TRAILING_STOP_EXIT,short_term,102.4749,-0.1995,BEAR_RISK_OFF,5.8831,8.4916,25.0,1.0,0.4996,BROKEN_CHART_QUALITY_RECOVERY,2018-11-21,,107.3838,True,FANG
,TECHNICAL_NATIVE,141,2019-01-02,399,BUY_FULL,NEXT_OPEN,90.64,quality_dislocation,0,3,2019-07-25,540,101.4,MAX_SIM_WINDOW_EXIT,medium_term,83.9122,0.0,BEAR_RISK_OFF,39.7085,25.9267,25.0,1.0,10.2951,BROKEN_CHART_QUALITY_RECOVERY,2018-12-31,,95.6859,True,FANG
,TECHNICAL_NATIVE,17,2019-01-02,399,BUY_FULL,NEXT_OPEN,90.64,quality_dislocation,0,3,2019-01-28,416,99.6636,TRAILING_STOP_EXIT,short_term,84.3381,0.0,BEAR_RISK_OFF,43.4386,20.1898,25.0,1.0,8.7702,BROKEN_CHART_QUALITY_RECOVERY,2018-12-31,,95.3664,True,FANG
HIGH_ATR_CAP,TECHNICAL_NATIVE,2,2022-06-30,1279,BUY_STARTER,NEXT_OPEN,119.23,quality_dislocation,0,3,2022-07-05,1281,119.23,STOP_LOSS_EXIT,medium_term,115.6095,-6.8775,BEAR_RISK_OFF,17.7709,3.2039,25.0,0.25,0.5694,BROKEN_CHART_QUALITY_RECOVERY,2022-06-29,,121.9454,True,FANG
HIGH_ATR_CAP,TECHNICAL_NATIVE,1,2022-06-30,1279,BUY_STARTER,NEXT_OPEN,119.23,quality_dislocation,0,1,2022-07-01,1280,116.1963,STOP_LOSS_EXIT,short_term,116.1963,-2.5916,BEAR_RISK_OFF,-79.4161,3.2039,0.0,0.25,-2.5444,BROKEN_CHART_QUALITY_RECOVERY,2022-06-29,,121.5053,False,FANG
,TECHNICAL_NATIVE,2,2022-12-20,1399,BUY_STARTER,NEXT_OPEN,133.2,quality_dislocation,0,3,2022-12-22,1401,133.2,STOP_LOSS_EXIT,medium_term,127.5477,-2.6501,BEAR_RISK_OFF,21.5411,3.6937,25.0,0.5,0.7957,BROKEN_CHART_QUALITY_RECOVERY,2022-12-19,,137.4393,True,FANG
,TECHNICAL_NATIVE,2,2022-12-20,1399,BUY_STARTER,NEXT_OPEN,133.2,quality_dislocation,0,3,2022-12-22,1401,133.2,TRAILING_STOP_EXIT,short_term,128.1951,-2.6501,BEAR_RISK_OFF,19.0737,3.6937,25.0,0.5,0.7045,BROKEN_CHART_QUALITY_RECOVERY,2022-12-19,,136.9537,True,FANG
HIGH_ATR_CAP,TECHNICAL_NATIVE,141,2025-04-15,1979,BUY_FULL,NEXT_OPEN,126.69,quality_dislocation,0,3,2025-11-05,2120,137.29,MAX_SIM_WINDOW_EXIT,medium_term,112.29,0.0,BEAR_RISK_OFF,34.0146,24.7139,25.0,0.5,8.4063,BROKEN_CHART_QUALITY_RECOVERY,2025-04-14,,137.49,True,FANG
HIGH_ATR_CAP,TECHNICAL_NATIVE,26,2025-04-15,1979,BUY_FULL,NEXT_OPEN,126.69,quality_dislocation,0,3,2025-05-22,2005,133.6779,TRAILING_STOP_EXIT,short_term,112.86,0.0,BEAR_RISK_OFF,37.1984,16.6233,25.0,0.5,6.1836,BROKEN_CHART_QUALITY_RECOVERY,2025-04-14,,137.0625,True,FANG
HIGH_ATR_CAP,TECHNICAL_NATIVE,25,2018-11-01,359,BUY_STARTER,NEXT_OPEN,11.86,quality_dislocation,0,1,2018-12-10,384,10.4586,STOP_LOSS_EXIT,medium_term,10.4586,-11.8887,BEAR_RISK_OFF,-168.8437,6.9983,0.0,0.25,-11.8162,BROKEN_CHART_QUALITY_RECOVERY,2018-10-31,,12.9111,False,FCX
HIGH_ATR_CAP,TECHNICAL_NATIVE,25,2018-11-01,359,BUY_STARTER,NEXT_OPEN,11.86,quality_dislocation,0,1,2018-12-10,384,10.4841,STOP_LOSS_EXIT,short_term,10.4841,-11.8887,BEAR_RISK_OFF,-165.7714,6.9983,0.0,0.25,-11.6012,BROKEN_CHART_QUALITY_RECOVERY,2018-10-31,,12.8919,False,FCX
HIGH_ATR_CAP,TECHNICAL_NATIVE,17,2025-03-11,1954,BUY_FULL,NEXT_OPEN,34.76,quality_dislocation,0,3,2025-04-03,1971,34.76,STOP_LOSS_EXIT,medium_term,33.4703,-3.855,BEAR_RISK_OFF,2.7828,25.0,25.0,0.5,0.6957,BROKEN_CHART_QUALITY_RECOVERY,2025-03-10,,35.7273,True,FCX
HIGH_ATR_CAP,TECHNICAL_NATIVE,13,2025-03-11,1954,BUY_FULL,NEXT_OPEN,34.76,quality_dislocation,0,3,2025-03-28,1967,38.4486,TRAILING_STOP_EXIT,short_term,33.6402,0.0,BEAR_RISK_OFF,34.2506,25.0,25.0,0.5,8.5627,BROKEN_CHART_QUALITY_RECOVERY,2025-03-10,,35.5998,True,FCX
,TECHNICAL_NATIVE,40,2019-01-09,404,BUY_FULL,NEXT_OPEN,135.0927,quality_dislocation,0,3,2019-03-08,444,135.0927,STOP_LOSS_EXIT,medium_term,122.6991,-0.2684,BEAR_RISK_OFF,14.8726,11.5658,25.0,1.0,1.7201,BROKEN_CHART_QUALITY_RECOVERY,2019-01-08,,144.3878,True,FDX
,TECHNICAL_NATIVE,21,2019-01-09,404,BUY_FULL,NEXT_OPEN,135.0927,quality_dislocation,0,3,2019-02-08,425,140.7315,TRAILING_STOP_EXIT,short_term,121.3221,-0.2684,BEAR_RISK_OFF,48.6344,10.3668,25.0,1.0,5.0418,BROKEN_CHART_QUALITY_RECOVERY,2019-01-08,,145.4206,True,FDX
,TECHNICAL_NATIVE,16,2022-03-14,1204,BUY_STARTER,NEXT_OPEN,171.2409,quality_dislocation,0,3,2022-04-05,1220,171.2409,STOP_LOSS_EXIT,medium_term,157.973,-0.8658,BEAR_RISK_OFF,10.6239,13.6746,25.0,0.5,1.4528,BROKEN_CHART_QUALITY_RECOVERY,2022-03-11,,181.1919,True,FDX
,TECHNICAL_NATIVE,15,2022-03-14,1204,BUY_STARTER,NEXT_OPEN,171.2409,quality_dislocation,0,3,2022-04-04,1219,177.879,TRAILING_STOP_EXIT,short_term,158.7749,-0.2729,BEAR_RISK_OFF,31.2425,13.6746,25.0,0.5,4.2723,BROKEN_CHART_QUALITY_RECOVERY,2022-03-11,,180.5904,True,FDX
,TECHNICAL_NATIVE,3,2022-04-19,1229,BUY_FULL,NEXT_OPEN,164.8268,quality_dislocation,0,3,2022-04-22,1232,164.8268,STOP_LOSS_EXIT,medium_term,158.1159,-0.1418,BEAR_RISK_OFF,16.4027,4.6541,25.0,1.0,0.7634,BROKEN_CHART_QUALITY_RECOVERY,2022-04-18,,169.8599,True,FDX
,TECHNICAL_NATIVE,3,2022-04-19,1229,BUY_FULL,NEXT_OPEN,164.8268,quality_dislocation,0,3,2022-04-22,1232,164.8268,TRAILING_STOP_EXIT,short_term,158.9185,-0.1418,BEAR_RISK_OFF,14.4409,4.6541,25.0,1.0,0.6721,BROKEN_CHART_QUALITY_RECOVERY,2022-04-18,,169.2579,True,FDX
,TECHNICAL_NATIVE,4,2022-04-26,1234,BUY_STARTER,NEXT_OPEN,164.7623,quality_dislocation,0,1,2022-05-02,1238,156.9174,STOP_LOSS_EXIT,medium_term,156.9174,-5.6977,BEAR_RISK_OFF,-221.2619,2.1519,0.0,0.5,-4.7613,BROKEN_CHART_QUALITY_RECOVERY,2022-04-25,,170.6459,False,FDX
,TECHNICAL_NATIVE,4,2022-04-26,1234,BUY_STARTER,NEXT_OPEN,164.7623,quality_dislocation,0,1,2022-05-02,1238,157.7139,STOP_LOSS_EXIT,short_term,157.7139,-5.6977,BEAR_RISK_OFF,-198.7969,2.1519,0.0,0.5,-4.2779,BROKEN_CHART_QUALITY_RECOVERY,2022-04-25,,170.0485,False,FDX
,TECHNICAL_NATIVE,141,2022-10-17,1354,BUY_FULL,NEXT_OPEN,127.5423,quality_dislocation,0,3,2023-05-10,1495,182.3771,MAX_SIM_WINDOW_EXIT,medium_term,118.2271,-5.4587,BEAR_RISK_OFF,68.6251,48.9828,25.0,1.0,33.6145,BROKEN_CHART_QUALITY_RECOVERY,2022-10-14,,134.5287,True,FDX
,TECHNICAL_NATIVE,37,2022-10-17,1354,BUY_FULL,NEXT_OPEN,127.5423,quality_dislocation,0,3,2022-12-08,1391,138.3113,TRAILING_STOP_EXIT,short_term,118.0501,-5.4587,BEAR_RISK_OFF,48.4048,15.9654,25.0,1.0,7.728,BROKEN_CHART_QUALITY_RECOVERY,2022-10-14,,134.6614,True,FDX
,TECHNICAL_NATIVE,3,2025-03-18,1959,BUY_FULL,NEXT_OPEN,197.6471,quality_dislocation,0,1,2025-03-21,1962,190.0947,STOP_LOSS_EXIT,medium_term,190.0947,-11.44,BEAR_RISK_OFF,-190.4949,2.0059,0.0,1.0,-3.8211,BROKEN_CHART_QUALITY_RECOVERY,2025-03-17,,203.3113,False,FDX
,TECHNICAL_NATIVE,3,2025-03-18,1959,BUY_FULL,NEXT_OPEN,197.6471,quality_dislocation,0,1,2025-03-21,1962,191.0596,STOP_LOSS_EXIT,short_term,191.0596,-11.44,BEAR_RISK_OFF,-166.157,2.0059,0.0,1.0,-3.3329,BROKEN_CHART_QUALITY_RECOVERY,2025-03-17,,202.5876,False,FDX
HIGH_ATR_CAP,TECHNICAL_NATIVE,141,2025-04-15,1979,BUY_STARTER,NEXT_OPEN,169.17,quality_dislocation,0,3,2025-11-05,2120,206.3658,MAX_SIM_WINDOW_EXIT,medium_term,154.2188,-4.2441,BEAR_RISK_OFF,77.3583,23.4591,25.0,0.25,18.1476,BROKEN_CHART_QUALITY_RECOVERY,2025-04-14,,180.3835,True,FDX
HIGH_ATR_CAP,TECHNICAL_NATIVE,24,2025-04-15,1979,BUY_STARTER,NEXT_OPEN,169.17,quality_dislocation,0,3,2025-05-20,2003,177.8088,TRAILING_STOP_EXIT,short_term,155.0016,-4.2441,BEAR_RISK_OFF,39.8221,13.561,25.0,0.25,5.4003,BROKEN_CHART_QUALITY_RECOVERY,2025-04-14,,179.7963,True,FDX
HIGH_ATR_CAP,TECHNICAL_NATIVE,141,2025-04-23,1984,BUY_FULL,NEXT_OPEN,170.9911,quality_dislocation,0,3,2025-11-12,2125,216.4948,MAX_SIM_WINDOW_EXIT,medium_term,154.2188,-3.7088,BEAR_RISK_OFF,77.3888,28.1668,25.0,0.5,21.7979,BROKEN_CHART_QUALITY_RECOVERY,2025-04-22,,183.5704,True,FDX
HIGH_ATR_CAP,TECHNICAL_NATIVE,19,2025-04-23,1984,BUY_FULL,NEXT_OPEN,170.9911,quality_dislocation,0,3,2025-05-20,2003,177.8088,TRAILING_STOP_EXIT,short_term,155.0016,-3.7088,BEAR_RISK_OFF,38.4055,12.3516,25.0,0.5,4.7437,BROKEN_CHART_QUALITY_RECOVERY,2025-04-22,,182.9833,True,FDX
,TECHNICAL_NATIVE,141,2025-04-30,1989,BUY_FULL,NEXT_OPEN,167.2039,quality_dislocation,0,3,2025-11-19,2130,211.5794,MAX_SIM_WINDOW_EXIT,medium_term,159.5605,0.0,BEAR_RISK_OFF,66.8233,31.0699,25.0,1.0,20.7619,BROKEN_CHART_QUALITY_RECOVERY,2025-04-29,,172.9364,True,FDX
,TECHNICAL_NATIVE,14,2025-04-30,1989,BUY_FULL,NEXT_OPEN,167.2039,quality_dislocation,0,3,2025-05-20,2003,177.8088,TRAILING_STOP_EXIT,short_term,160.3704,0.0,BEAR_RISK_OFF,37.0773,14.8964,25.0,1.0,5.5232,BROKEN_CHART_QUALITY_RECOVERY,2025-04-29,,172.329,True,FDX
,TECHNICAL_NATIVE,5,2023-01-05,1409,BUY_FULL,NEXT_OPEN,47.77,quality_dislocation,0,3,2023-01-12,1414,47.77,STOP_LOSS_EXIT,medium_term,45.8517,-1.4444,BEAR_RISK_OFF,12.4025,6.0708,25.0,1.0,0.7529,BROKEN_CHART_QUALITY_RECOVERY,2023-01-04,,49.2087,True,FTNT
,TECHNICAL_NATIVE,5,2023-01-05,1409,BUY_FULL,NEXT_OPEN,47.77,quality_dislocation,0,3,2023-01-12,1414,47.77,TRAILING_STOP_EXIT,short_term,46.0845,-1.4444,BEAR_RISK_OFF,10.8973,6.0708,25.0,1.0,0.6616,BROKEN_CHART_QUALITY_RECOVERY,2023-01-04,,49.0341,True,FTNT
,TECHNICAL_NATIVE,4,2023-10-30,1614,BUY_FULL,NEXT_OPEN,56.51,quality_dislocation,0,3,2023-11-03,1618,56.51,STOP_LOSS_EXIT,medium_term,54.6281,-21.9253,BEAR_RISK_OFF,21.0032,2.9729,25.0,1.0,0.6244,BROKEN_CHART_QUALITY_RECOVERY,2023-10-27,,57.9214,True,FTNT
,TECHNICAL_NATIVE,4,2023-10-30,1614,BUY_FULL,NEXT_OPEN,56.51,quality_dislocation,0,3,2023-11-03,1618,56.51,TRAILING_STOP_EXIT,short_term,54.9054,-21.9253,BEAR_RISK_OFF,17.9079,2.9729,25.0,1.0,0.5324,BROKEN_CHART_QUALITY_RECOVERY,2023-10-27,,57.7134,True,FTNT
,TECHNICAL_NATIVE,12,2018-11-01,359,BUY_STARTER,NEXT_OPEN,68.2,quality_dislocation,0,3,2018-11-19,371,68.2,STOP_LOSS_EXIT,medium_term,65.5025,-0.8064,BEAR_RISK_OFF,10.9951,6.7449,25.0,0.5,0.7416,BROKEN_CHART_QUALITY_RECOVERY,2018-10-31,,70.2231,True,GILD
,TECHNICAL_NATIVE,12,2018-11-01,359,BUY_STARTER,NEXT_OPEN,68.2,quality_dislocation,0,3,2018-11-19,371,68.2,TRAILING_STOP_EXIT,short_term,65.835,-0.8064,BEAR_RISK_OFF,9.6396,6.7449,25.0,0.5,0.6502,BROKEN_CHART_QUALITY_RECOVERY,2018-10-31,,69.9737,True,GILD
,TECHNICAL_NATIVE,74,2019-01-02,399,BUY_STARTER,NEXT_OPEN,61.76,quality_dislocation,0,3,2019-04-18,473,61.76,STOP_LOSS_EXIT,medium_term,59.4152,-0.3238,BEAR_RISK_OFF,5.0303,14.1516,25.0,0.5,0.7119,BROKEN_CHART_QUALITY_RECOVERY,2018-12-31,,63.5186,True,GILD
,TECHNICAL_NATIVE,28,2019-01-02,399,BUY_STARTER,NEXT_OPEN,61.76,quality_dislocation,0,3,2019-02-12,427,66.3021,TRAILING_STOP_EXIT,short_term,59.7168,0.0,BEAR_RISK_OFF,43.3604,14.1516,25.0,0.5,6.1362,BROKEN_CHART_QUALITY_RECOVERY,2018-12-31,,63.2924,True,GILD
,TECHNICAL_NATIVE,2,2018-12-17,389,BUY_STARTER,NEXT_OPEN,168.59,quality_dislocation,0,1,2018-12-19,391,160.033,STOP_LOSS_EXIT,medium_term,160.033,-6.7798,BEAR_RISK_OFF,,0.0,0.0,0.5,-5.0756,BROKEN_CHART_QUALITY_RECOVERY,2018-12-14,,175.0078,False,GD
,TECHNICAL_NATIVE,2,2018-12-17,389,BUY_STARTER,NEXT_OPEN,168.59,quality_dislocation,0,1,2018-12-19,391,160.8453,STOP_LOSS_EXIT,short_term,160.8453,-6.7798,BEAR_RISK_OFF,,0.0,0.0,0.5,-4.5938,BROKEN_CHART_QUALITY_RECOVERY,2018-12-14,,174.3985,False,GD
,TECHNICAL_NATIVE,141,2019-01-02,399,BUY_FULL,NEXT_OPEN,155.32,quality_dislocation,0,3,2019-07-25,540,187.61,MAX_SIM_WINDOW_EXIT,medium_term,144.4316,-1.8542,BEAR_RISK_OFF,69.4869,24.3304,25.0,1.0,16.9064,BROKEN_CHART_QUALITY_RECOVERY,2018-12-31,,163.4863,True,GD
,TECHNICAL_NATIVE,19,2019-01-02,399,BUY_FULL,NEXT_OPEN,155.32,quality_dislocation,0,3,2019-01-30,418,166.3114,TRAILING_STOP_EXIT,short_term,143.2218,-1.8542,BEAR_RISK_OFF,50.4413,13.4175,25.0,1.0,6.768,BROKEN_CHART_QUALITY_RECOVERY,2018-12-31,,164.3937,True,GD
HIGH_ATR_CAP,TECHNICAL_NATIVE,141,2020-03-26,709,BUY_STARTER,NEXT_OPEN,124.47,quality_dislocation,0,3,2020-10-15,850,140.81,MAX_SIM_WINDOW_EXIT,medium_term,99.0418,-2.2495,BEAR_RISK_OFF,38.8117,35.2374,25.0,0.25,13.6762,BROKEN_CHART_QUALITY_RECOVERY,2020-03-25,,143.5412,True,GD
HIGH_ATR_CAP,TECHNICAL_NATIVE,53,2020-03-26,709,BUY_STARTER,NEXT_OPEN,124.47,quality_dislocation,0,3,2020-06-11,762,154.6671,TRAILING_STOP_EXIT,short_term,99.5445,-2.2495,BEAR_RISK_OFF,62.2923,35.2374,25.0,0.25,21.9502,BROKEN_CHART_QUALITY_RECOVERY,2020-03-25,,143.1641,True,GD
HIGH_ATR_CAP,TECHNICAL_NATIVE,21,2020-04-02,714,BUY_FULL,NEXT_OPEN,125.9,quality_dislocation,0,3,2020-05-04,735,125.9,STOP_LOSS_EXIT,medium_term,104.7516,-1.8824,BEAR_RISK_OFF,23.9452,13.1533,25.0,0.5,3.1496,BROKEN_CHART_QUALITY_RECOVERY,2020-04-01,,141.7613,True,GD
HIGH_ATR_CAP,TECHNICAL_NATIVE,48,2020-04-02,714,BUY_FULL,NEXT_OPEN,125.9,quality_dislocation,0,3,2020-06-11,762,154.6671,TRAILING_STOP_EXIT,short_term,102.4018,-3.3598,BEAR_RISK_OFF,61.2332,33.7014,25.0,0.5,20.6364,BROKEN_CHART_QUALITY_RECOVERY,2020-04-01,,143.5237,True,GD
HIGH_ATR_CAP,TECHNICAL_NATIVE,5,2018-12-17,389,BUY_STARTER,NEXT_OPEN,33.9784,quality_dislocation,0,3,2018-12-24,394,33.9784,STOP_LOSS_EXIT,medium_term,31.4389,-2.6798,BEAR_RISK_OFF,11.5529,12.1298,25.0,0.25,1.4013,BROKEN_CHART_QUALITY_RECOVERY,2018-12-14,,35.883,True,GE
HIGH_ATR_CAP,TECHNICAL_NATIVE,5,2018-12-17,389,BUY_STARTER,NEXT_OPEN,33.9784,quality_dislocation,0,3,2018-12-24,394,33.9784,TRAILING_STOP_EXIT,short_term,31.5985,-2.6798,BEAR_RISK_OFF,10.8268,12.1298,25.0,0.25,1.3133,BROKEN_CHART_QUALITY_RECOVERY,2018-12-14,,35.7633,True,GE
HIGH_ATR_CAP,TECHNICAL_NATIVE,141,2018-12-24,394,BUY_FULL,NEXT_OPEN,33.8346,quality_dislocation,0,3,2019-07-18,535,50.1404,MAX_SIM_WINDOW_EXIT,medium_term,31.4389,-4.1076,BEAR_RISK_OFF,56.4079,66.4306,25.0,0.5,37.4721,BROKEN_CHART_QUALITY_RECOVERY,2018-12-21,,35.6314,True,GE
HIGH_ATR_CAP,TECHNICAL_NATIVE,2,2018-12-24,394,BUY_FULL,NEXT_OPEN,33.8346,quality_dislocation,0,3,2018-12-27,396,33.8346,TRAILING_STOP_EXIT,short_term,31.5985,-4.1076,BEAR_RISK_OFF,24.9962,4.9575,25.0,0.5,1.2392,BROKEN_CHART_QUALITY_RECOVERY,2018-12-21,,35.5117,True,GE
HIGH_ATR_CAP,TECHNICAL_NATIVE,33,2020-03-26,709,BUY_STARTER,NEXT_OPEN,38.0289,quality_dislocation,0,1,2020-05-13,742,28.9653,STOP_LOSS_EXIT,medium_term,28.9653,-28.1782,BEAR_RISK_OFF,-330.6358,7.2084,0.0,0.25,-23.8336,BROKEN_CHART_QUALITY_RECOVERY,2020-03-25,,44.8267,False,GE
HIGH_ATR_CAP,TECHNICAL_NATIVE,33,2020-03-26,709,BUY_STARTER,NEXT_OPEN,38.0289,quality_dislocation,0,1,2020-05-13,742,29.1123,STOP_LOSS_EXIT,short_term,29.1123,-28.1782,BEAR_RISK_OFF,-325.2734,7.2084,0.0,0.25,-23.447,BROKEN_CHART_QUALITY_RECOVERY,2020-03-25,,44.7164,False,GE
HIGH_ATR_CAP,TECHNICAL_NATIVE,8,2020-04-24,729,BUY_STARTER,NEXT_OPEN,32.8454,quality_dislocation,0,1,2020-05-06,737,30.4381,STOP_LOSS_EXIT,medium_term,30.4381,-9.4082,BEAR_RISK_OFF,-146.3639,5.0076,0.0,0.25,-7.3293,BROKEN_CHART_QUALITY_RECOVERY,2020-04-23,,34.6509,False,GE
HIGH_ATR_CAP,TECHNICAL_NATIVE,8,2020-04-24,729,BUY_STARTER,NEXT_OPEN,32.8454,quality_dislocation,0,1,2020-05-06,737,30.5926,STOP_LOSS_EXIT,short_term,30.5926,-9.4082,BEAR_RISK_OFF,-136.9705,5.0076,0.0,0.25,-6.8589,BROKEN_CHART_QUALITY_RECOVERY,2020-04-23,,34.5351,False,GE
,TECHNICAL_NATIVE,12,2022-05-24,1254,BUY_FULL,NEXT_OPEN,46.558,quality_dislocation,0,3,2022-06-10,1266,46.558,STOP_LOSS_EXIT,medium_term,43.6566,-5.3392,BEAR_RISK_OFF,18.5391,6.3027,25.0,1.0,1.1685,BROKEN_CHART_QUALITY_RECOVERY,2022-05-23,,48.7341,True,GE
,TECHNICAL_NATIVE,12,2022-05-24,1254,BUY_FULL,NEXT_OPEN,46.558,quality_dislocation,0,3,2022-06-10,1266,46.558,TRAILING_STOP_EXIT,short_term,43.8782,-5.3392,BEAR_RISK_OFF,17.1231,6.3027,25.0,1.0,1.0792,BROKEN_CHART_QUALITY_RECOVERY,2022-05-23,,48.5679,True,GE
,TECHNICAL_NATIVE,141,2022-10-10,1349,BUY_FULL,NEXT_OPEN,40.5272,quality_dislocation,0,3,2023-05-03,1490,81.2211,MAX_SIM_WINDOW_EXIT,medium_term,37.974,-3.0592,BEAR_RISK_OFF,74.4535,102.7347,25.0,1.0,76.4895,BROKEN_CHART_QUALITY_RECOVERY,2022-10-07,,42.4422,True,GE
,TECHNICAL_NATIVE,42,2022-10-10,1349,BUY_FULL,NEXT_OPEN,40.5272,quality_dislocation,0,3,2022-12-08,1391,51.6485,TRAILING_STOP_EXIT,short_term,38.1668,-3.0592,BEAR_RISK_OFF,60.4305,35.8647,25.0,1.0,21.6732,BROKEN_CHART_QUALITY_RECOVERY,2022-10-07,,42.2976,True,GE
,TECHNICAL_NATIVE,2,2018-11-30,379,BUY_FULL,NEXT_OPEN,190.57,quality_dislocation,0,3,2018-12-04,381,190.57,STOP_LOSS_EXIT,medium_term,185.2982,-3.6417,BEAR_RISK_OFF,19.4202,2.6709,25.0,1.0,0.5187,BROKEN_CHART_QUALITY_RECOVERY,2018-11-29,,194.5239,True,GS
,TECHNICAL_NATIVE,2,2018-11-30,379,BUY_FULL,NEXT_OPEN,190.57,quality_dislocation,0,3,2018-12-04,381,190.57,TRAILING_STOP_EXIT,short_term,186.2388,-3.6417,BEAR_RISK_OFF,15.955,2.6709,25.0,1.0,0.4261,BROKEN_CHART_QUALITY_RECOVERY,2018-11-29,,193.8184,True,GS
,TECHNICAL_NATIVE,141,2019-01-02,399,BUY_STARTER,NEXT_OPEN,164.33,quality_dislocation,0,3,2019-07-25,540,219.98,MAX_SIM_WINDOW_EXIT,medium_term,150.7271,0.0,BEAR_RISK_OFF,76.6759,35.1488,25.0,0.5,26.9507,BROKEN_CHART_QUALITY_RECOVERY,2018-12-31,,174.5321,True,GS
,TECHNICAL_NATIVE,26,2019-01-02,399,BUY_STARTER,NEXT_OPEN,164.33,quality_dislocation,0,3,2019-02-08,425,190.8979,TRAILING_STOP_EXIT,short_term,150.183,0.0,BEAR_RISK_OFF,57.9529,23.7084,25.0,0.5,13.7397,BROKEN_CHART_QUALITY_RECOVERY,2018-12-31,,174.9403,True,GS
HIGH_ATR_CAP,TECHNICAL_NATIVE,141,2020-03-26,709,BUY_STARTER,NEXT_OPEN,156.37,quality_dislocation,0,3,2020-10-15,850,208.6,MAX_SIM_WINDOW_EXIT,medium_term,128.8873,-9.4008,BEAR_RISK_OFF,64.3611,44.043,25.0,0.25,28.3466,BROKEN_CHART_QUALITY_RECOVERY,2020-03-25,,176.982,True,GS
HIGH_ATR_CAP,TECHNICAL_NATIVE,26,2020-03-26,709,BUY_STARTER,NEXT_OPEN,156.37,quality_dislocation,0,3,2020-05-04,735,172.7114,TRAILING_STOP_EXIT,short_term,129.5415,-9.4008,BEAR_RISK_OFF,46.2822,23.8857,25.0,0.25,11.0548,BROKEN_CHART_QUALITY_RECOVERY,2020-03-25,,176.4914,True,GS
,TECHNICAL_NATIVE,14,2022-03-14,1204,BUY_STARTER,NEXT_OPEN,329.21,quality_dislocation,0,3,2022-04-01,1218,329.21,STOP_LOSS_EXIT,medium_term,313.7717,-1.3274,BEAR_RISK_OFF,16.4844,5.334,25.0,0.5,0.8793,BROKEN_CHART_QUALITY_RECOVERY,2022-03-11,,340.7887,True,GS
,TECHNICAL_NATIVE,14,2022-03-14,1204,BUY_STARTER,NEXT_OPEN,329.21,quality_dislocation,0,3,2022-04-01,1218,329.21,TRAILING_STOP_EXIT,short_term,315.3645,-1.3274,BEAR_RISK_OFF,14.7837,5.334,25.0,0.5,0.7886,BROKEN_CHART_QUALITY_RECOVERY,2022-03-11,,339.5941,True,GS
,TECHNICAL_NATIVE,2,2022-05-10,1244,BUY_FULL,NEXT_OPEN,311.72,quality_dislocation,0,1,2022-05-12,1246,296.1402,STOP_LOSS_EXIT,medium_term,296.1402,-5.7167,BEAR_RISK_OFF,,0.0,0.0,1.0,-4.998,BROKEN_CHART_QUALITY_RECOVERY,2022-05-09,,323.4048,False,GS
,TECHNICAL_NATIVE,2,2022-05-10,1244,BUY_FULL,NEXT_OPEN,311.72,quality_dislocation,0,1,2022-05-12,1246,297.6435,STOP_LOSS_EXIT,short_term,297.6435,-5.7167,BEAR_RISK_OFF,,0.0,0.0,1.0,-4.5158,BROKEN_CHART_QUALITY_RECOVERY,2022-05-09,,322.2774,False,GS
,TECHNICAL_NATIVE,14,2022-06-23,1274,BUY_STARTER,NEXT_OPEN,283.76,quality_dislocation,0,3,2022-07-14,1288,283.76,STOP_LOSS_EXIT,medium_term,273.9777,-2.0863,BEAR_RISK_OFF,7.2755,8.8843,25.0,0.5,0.6464,BROKEN_CHART_QUALITY_RECOVERY,2022-06-22,,291.0967,True,GS
,TECHNICAL_NATIVE,14,2022-06-23,1274,BUY_STARTER,NEXT_OPEN,283.76,quality_dislocation,0,3,2022-07-14,1288,284.4836,TRAILING_STOP_EXIT,short_term,275.3685,-2.0863,BEAR_RISK_OFF,8.3937,8.8843,25.0,0.5,0.7457,BROKEN_CHART_QUALITY_RECOVERY,2022-06-22,,290.0536,True,GS
,TECHNICAL_NATIVE,109,2022-10-10,1349,BUY_STARTER,NEXT_OPEN,303.63,quality_dislocation,0,3,2023-03-17,1458,303.63,STOP_LOSS_EXIT,medium_term,284.2907,-5.2301,BEAR_RISK_OFF,4.2189,28.3075,25.0,0.5,1.1943,BROKEN_CHART_QUALITY_RECOVERY,2022-10-07,,318.1345,True,GS
,TECHNICAL_NATIVE,39,2022-10-10,1349,BUY_STARTER,NEXT_OPEN,303.63,quality_dislocation,0,3,2022-12-05,1388,370.2836,TRAILING_STOP_EXIT,short_term,285.7338,-5.2301,BEAR_RISK_OFF,62.066,28.3075,25.0,0.5,17.5693,BROKEN_CHART_QUALITY_RECOVERY,2022-10-07,,317.0522,True,GS
HIGH_ATR_CAP,TECHNICAL_NATIVE,141,2020-03-26,709,BUY_FULL,NEXT_OPEN,55.59,quality_dislocation,0,3,2020-10-15,850,77.9565,MAX_SIM_WINDOW_EXIT,medium_term,49.9166,-2.8773,BEAR_RISK_OFF,57.4162,55.8895,25.0,0.5,32.0896,BROKEN_CHART_QUALITY_RECOVERY,2020-03-25,,59.845,True,GOOG
HIGH_ATR_CAP,TECHNICAL_NATIVE,54,2020-03-26,709,BUY_FULL,NEXT_OPEN,55.59,quality_dislocation,0,3,2020-06-12,763,69.7766,TRAILING_STOP_EXIT,short_term,50.17,-2.8773,BEAR_RISK_OFF,64.3173,32.6011,25.0,0.5,20.9681,BROKEN_CHART_QUALITY_RECOVERY,2020-03-25,,59.655,True,GOOG
HIGH_ATR_CAP,TECHNICAL_NATIVE,141,2020-04-02,714,BUY_FULL,NEXT_OPEN,54.913,quality_dislocation,0,3,2020-10-22,855,80.7665,MAX_SIM_WINDOW_EXIT,medium_term,49.9166,-1.6799,BEAR_RISK_OFF,64.03,57.8114,25.0,0.5,37.0167,BROKEN_CHART_QUALITY_RECOVERY,2020-04-01,,58.6603,True,GOOG
HIGH_ATR_CAP,TECHNICAL_NATIVE,49,2020-04-02,714,BUY_FULL,NEXT_OPEN,54.913,quality_dislocation,0,3,2020-06-12,763,69.7766,TRAILING_STOP_EXIT,short_term,50.17,-1.6799,BEAR_RISK_OFF,64.0267,34.2359,25.0,0.5,21.9201,BROKEN_CHART_QUALITY_RECOVERY,2020-04-01,,58.4702,True,GOOG
,TECHNICAL_NATIVE,3,2022-05-17,1249,BUY_STARTER,NEXT_OPEN,117.2275,quality_dislocation,0,1,2022-05-20,1252,108.4618,STOP_LOSS_EXIT,medium_term,108.4618,-9.2593,BEAR_RISK_OFF,,0.0,0.0,0.5,-7.4775,BROKEN_CHART_QUALITY_RECOVERY,2022-05-16,,123.8018,False,GOOG
,TECHNICAL_NATIVE,3,2022-05-17,1249,BUY_STARTER,NEXT_OPEN,117.2275,quality_dislocation,0,1,2022-05-20,1252,109.0124,STOP_LOSS_EXIT,short_term,109.0124,-9.2593,BEAR_RISK_OFF,,0.0,0.0,0.5,-7.0078,BROKEN_CHART_QUALITY_RECOVERY,2022-05-16,,123.3889,False,GOOG
,TECHNICAL_NATIVE,7,2022-10-10,1349,BUY_FULL,NEXT_OPEN,99.85,quality_dislocation,0,3,2022-10-19,1356,99.85,STOP_LOSS_EXIT,medium_term,94.5895,-4.5869,BEAR_RISK_OFF,22.5702,4.3766,25.0,1.0,0.9878,BROKEN_CHART_QUALITY_RECOVERY,2022-10-07,,103.7953,True,GOOG
,TECHNICAL_NATIVE,7,2022-10-10,1349,BUY_FULL,NEXT_OPEN,99.85,quality_dislocation,0,3,2022-10-19,1356,99.85,TRAILING_STOP_EXIT,short_term,95.0697,-4.5869,BEAR_RISK_OFF,20.5101,4.3766,25.0,1.0,0.8976,BROKEN_CHART_QUALITY_RECOVERY,2022-10-07,,103.4352,True,GOOG
,TECHNICAL_NATIVE,2,2022-12-28,1404,BUY_FULL,NEXT_OPEN,87.5,quality_dislocation,0,3,2022-12-30,1406,87.5,STOP_LOSS_EXIT,medium_term,85.0745,-0.5829,BEAR_RISK_OFF,24.3864,2.1314,25.0,1.0,0.5198,BROKEN_CHART_QUALITY_RECOVERY,2022-12-27,,89.3192,True,GOOG
,TECHNICAL_NATIVE,2,2022-12-28,1404,BUY_FULL,NEXT_OPEN,87.5,quality_dislocation,0,3,2022-12-30,1406,87.5,TRAILING_STOP_EXIT,short_term,85.5063,-0.5829,BEAR_RISK_OFF,20.0445,2.1314,25.0,1.0,0.4272,BROKEN_CHART_QUALITY_RECOVERY,2022-12-27,,88.9953,True,GOOG
,TECHNICAL_NATIVE,3,2023-01-05,1409,BUY_STARTER,NEXT_OPEN,88.07,quality_dislocation,0,3,2023-01-10,1412,88.07,STOP_LOSS_EXIT,medium_term,85.0745,-2.8387,BEAR_RISK_OFF,20.3504,3.1339,25.0,0.5,0.6378,BROKEN_CHART_QUALITY_RECOVERY,2023-01-04,,90.3167,True,GOOG
,TECHNICAL_NATIVE,3,2023-01-05,1409,BUY_STARTER,NEXT_OPEN,88.07,quality_dislocation,0,3,2023-01-10,1412,88.07,TRAILING_STOP_EXIT,short_term,85.5063,-2.8387,BEAR_RISK_OFF,17.4165,3.1339,25.0,0.5,0.5458,BROKEN_CHART_QUALITY_RECOVERY,2023-01-04,,89.9928,True,GOOG
,TECHNICAL_NATIVE,8,2025-03-18,1959,BUY_STARTER,NEXT_OPEN,165.96,quality_dislocation,0,1,2025-03-28,1967,156.418,STOP_LOSS_EXIT,medium_term,156.418,-6.3997,BEAR_RISK_OFF,-137.2936,4.1878,0.0,0.5,-5.7496,BROKEN_CHART_QUALITY_RECOVERY,2025-03-17,,173.1165,False,GOOG
,TECHNICAL_NATIVE,7,2025-03-18,1959,BUY_STARTER,NEXT_OPEN,165.96,quality_dislocation,0,3,2025-03-27,1966,165.96,TRAILING_STOP_EXIT,short_term,157.212,-1.7655,BEAR_RISK_OFF,23.6004,4.1878,25.0,0.5,0.9883,BROKEN_CHART_QUALITY_RECOVERY,2025-03-17,,172.521,True,GOOG
,TECHNICAL_NATIVE,2,2018-11-30,379,BUY_FULL,NEXT_OPEN,31.59,quality_dislocation,0,3,2018-12-04,381,31.59,STOP_LOSS_EXIT,medium_term,30.0129,-0.9813,BEAR_RISK_OFF,19.4537,4.8117,25.0,1.0,0.9361,BROKEN_CHART_QUALITY_RECOVERY,2018-11-29,,32.7728,True,HAL
,TECHNICAL_NATIVE,2,2018-11-30,379,BUY_FULL,NEXT_OPEN,31.59,quality_dislocation,0,3,2018-12-04,381,31.59,TRAILING_STOP_EXIT,short_term,30.1653,-0.9813,BEAR_RISK_OFF,17.5738,4.8117,25.0,1.0,0.8456,BROKEN_CHART_QUALITY_RECOVERY,2018-11-29,,32.6585,True,HAL
HIGH_ATR_CAP,TECHNICAL_NATIVE,141,2022-10-03,1344,BUY_STARTER,NEXT_OPEN,25.99,quality_dislocation,0,3,2023-04-26,1485,31.72,MAX_SIM_WINDOW_EXIT,medium_term,22.9505,0.0,BEAR_RISK_OFF,27.9254,67.0642,25.0,0.25,18.728,BROKEN_CHART_QUALITY_RECOVERY,2022-09-30,,28.2696,True,HAL
HIGH_ATR_CAP,TECHNICAL_NATIVE,34,2022-10-03,1344,BUY_STARTER,NEXT_OPEN,25.99,quality_dislocation,0,3,2022-11-18,1378,35.5329,TRAILING_STOP_EXIT,short_term,23.067,0.0,BEAR_RISK_OFF,55.0373,53.8669,25.0,0.25,29.6469,BROKEN_CHART_QUALITY_RECOVERY,2022-09-30,,28.1823,True,HAL
,TECHNICAL_NATIVE,17,2025-03-11,1954,BUY_FULL,NEXT_OPEN,24.93,quality_dislocation,0,1,2025-04-03,1971,23.0687,STOP_LOSS_EXIT,medium_term,23.0687,-10.349,BEAR_RISK_OFF,-142.0843,5.2547,0.0,1.0,-7.4661,BROKEN_CHART_QUALITY_RECOVERY,2025-03-10,,26.326,False,HAL
,TECHNICAL_NATIVE,13,2025-03-11,1954,BUY_FULL,NEXT_OPEN,24.93,quality_dislocation,0,3,2025-03-28,1967,24.93,TRAILING_STOP_EXIT,short_term,23.1858,-2.8881,BEAR_RISK_OFF,24.9657,5.2547,25.0,1.0,1.3119,BROKEN_CHART_QUALITY_RECOVERY,2025-03-10,,26.2382,True,HAL
HIGH_ATR_CAP,TECHNICAL_NATIVE,46,2025-04-15,1979,BUY_STARTER,NEXT_OPEN,21.22,quality_dislocation,0,3,2025-06-23,2025,21.22,STOP_LOSS_EXIT,medium_term,18.4392,-9.4251,BEAR_RISK_OFF,22.8684,10.7446,25.0,0.25,2.4571,BROKEN_CHART_QUALITY_RECOVERY,2025-04-14,,23.3056,True,HAL
HIGH_ATR_CAP,TECHNICAL_NATIVE,46,2025-04-15,1979,BUY_STARTER,NEXT_OPEN,21.22,quality_dislocation,0,3,2025-06-23,2025,21.3164,TRAILING_STOP_EXIT,short_term,18.5328,-9.4251,BEAR_RISK_OFF,25.2707,10.7446,25.0,0.25,2.7152,BROKEN_CHART_QUALITY_RECOVERY,2025-04-14,,23.2354,True,HAL
HIGH_ATR_CAP,TECHNICAL_NATIVE,5,2025-04-30,1989,BUY_STARTER,NEXT_OPEN,20.09,quality_dislocation,0,1,2025-05-07,1994,19.2962,STOP_LOSS_EXIT,medium_term,19.2962,-4.3305,BEAR_RISK_OFF,-141.7478,2.7875,0.0,0.25,-3.9512,BROKEN_CHART_QUALITY_RECOVERY,2025-04-29,,20.6854,False,HAL
HIGH_ATR_CAP,TECHNICAL_NATIVE,3,2025-04-30,1989,BUY_STARTER,NEXT_OPEN,20.09,quality_dislocation,0,3,2025-05-05,1992,20.09,TRAILING_STOP_EXIT,short_term,19.3941,-1.991,BEAR_RISK_OFF,23.2987,2.7875,25.0,0.25,0.6495,BROKEN_CHART_QUALITY_RECOVERY,2025-04-29,,20.6119,True,HAL
HIGH_ATR_CAP,TECHNICAL_NATIVE,62,2020-03-26,709,BUY_STARTER,NEXT_OPEN,95.09,quality_dislocation,0,3,2020-06-24,771,95.09,STOP_LOSS_EXIT,medium_term,64.94,-16.1426,BEAR_RISK_OFF,23.9438,24.8291,25.0,0.25,5.945,BROKEN_CHART_QUALITY_RECOVERY,2020-03-25,,117.7025,True,HCA
HIGH_ATR_CAP,TECHNICAL_NATIVE,75,2020-03-26,709,BUY_STARTER,NEXT_OPEN,95.09,quality_dislocation,0,1,2020-07-14,784,98.96,MAX_SIM_WINDOW_EXIT,short_term,61.59,-16.1426,BEAR_RISK_OFF,16.3914,24.8291,0.0,0.25,4.0698,BROKEN_CHART_QUALITY_RECOVERY,2020-03-25,,120.215,False,HCA
,TECHNICAL_NATIVE,141,2022-07-08,1284,BUY_STARTER,NEXT_OPEN,174.6,quality_dislocation,0,3,2023-01-30,1425,253.3,MAX_SIM_WINDOW_EXIT,medium_term,163.3918,-5.8018,BEAR_RISK_OFF,64.691,54.118,25.0,0.5,35.0095,BROKEN_CHART_QUALITY_RECOVERY,2022-07-07,,183.0062,True,HCA
,TECHNICAL_NATIVE,35,2022-07-08,1284,BUY_STARTER,NEXT_OPEN,174.6,quality_dislocation,0,3,2022-08-26,1319,206.0793,TRAILING_STOP_EXIT,short_term,164.2212,-5.8018,BEAR_RISK_OFF,56.6892,25.819,25.0,0.5,14.6366,BROKEN_CHART_QUALITY_RECOVERY,2022-07-07,,182.3841,True,HCA
,TECHNICAL_NATIVE,1,2023-10-23,1609,BUY_STARTER,NEXT_OPEN,240.91,quality_dislocation,0,1,2023-10-24,1610,230.7855,STOP_LOSS_EXIT,medium_term,230.7855,-10.3566,BEAR_RISK_OFF,,0.0,0.0,0.5,-4.2026,BROKEN_CHART_QUALITY_RECOVERY,2023-10-20,,248.5034,False,HCA
,TECHNICAL_NATIVE,1,2023-10-23,1609,BUY_STARTER,NEXT_OPEN,240.91,quality_dislocation,0,1,2023-10-24,1610,231.957,STOP_LOSS_EXIT,short_term,231.957,-10.3566,BEAR_RISK_OFF,,0.0,0.0,0.5,-3.7163,BROKEN_CHART_QUALITY_RECOVERY,2023-10-20,,247.6248,False,HCA
HIGH_ATR_CAP,TECHNICAL_NATIVE,55,2020-03-26,709,BUY_STARTER,NEXT_OPEN,75.6,quality_dislocation,0,3,2020-06-15,764,75.6,STOP_LOSS_EXIT,medium_term,51.7677,-28.9683,BEAR_RISK_OFF,24.6608,23.9683,25.0,0.25,5.9108,BROKEN_CHART_QUALITY_RECOVERY,2020-03-25,,93.4742,True,HLT
HIGH_ATR_CAP,TECHNICAL_NATIVE,75,2020-03-26,709,BUY_STARTER,NEXT_OPEN,75.6,quality_dislocation,0,1,2020-07-14,784,73.51,MAX_SIM_WINDOW_EXIT,short_term,49.1196,-28.9683,BEAR_RISK_OFF,-11.5342,23.9683,0.0,0.25,-2.7645,BROKEN_CHART_QUALITY_RECOVERY,2020-03-25,,95.4603,False,HLT
HIGH_ATR_CAP,TECHNICAL_NATIVE,1,2022-05-17,1249,BUY_STARTER,NEXT_OPEN,136.05,quality_dislocation,0,1,2022-05-18,1250,127.331,STOP_LOSS_EXIT,medium_term,127.331,-6.7108,BEAR_RISK_OFF,,0.0,0.0,0.25,-6.4087,BROKEN_CHART_QUALITY_RECOVERY,2022-05-16,,142.5893,False,HLT
HIGH_ATR_CAP,TECHNICAL_NATIVE,1,2022-05-17,1249,BUY_STARTER,NEXT_OPEN,136.05,quality_dislocation,0,1,2022-05-18,1250,127.9773,STOP_LOSS_EXIT,short_term,127.9773,-6.7108,BEAR_RISK_OFF,,0.0,0.0,0.25,-5.9336,BROKEN_CHART_QUALITY_RECOVERY,2022-05-16,,142.1045,False,HLT
,TECHNICAL_NATIVE,12,2022-05-24,1254,BUY_STARTER,NEXT_OPEN,130.67,quality_dislocation,0,3,2022-06-10,1266,130.67,STOP_LOSS_EXIT,medium_term,124.3858,-2.6479,BEAR_RISK_OFF,7.8395,11.5023,25.0,0.5,0.9017,BROKEN_CHART_QUALITY_RECOVERY,2022-05-23,,135.3831,True,HLT
,TECHNICAL_NATIVE,12,2022-05-24,1254,BUY_STARTER,NEXT_OPEN,130.67,quality_dislocation,0,3,2022-06-10,1266,131.1479,TRAILING_STOP_EXIT,short_term,125.0172,-2.6479,BEAR_RISK_OFF,9.4364,11.5023,25.0,0.5,1.0854,BROKEN_CHART_QUALITY_RECOVERY,2022-05-23,,134.9096,True,HLT
,TECHNICAL_NATIVE,141,2022-07-08,1284,BUY_STARTER,NEXT_OPEN,113.36,quality_dislocation,0,3,2023-01-30,1425,142.92,MAX_SIM_WINDOW_EXIT,medium_term,106.7839,-3.3433,BEAR_RISK_OFF,72.3209,28.5462,25.0,0.5,20.6449,BROKEN_CHART_QUALITY_RECOVERY,2022-07-07,,118.2921,True,HLT
,TECHNICAL_NATIVE,36,2022-07-08,1284,BUY_STARTER,NEXT_OPEN,113.36,quality_dislocation,0,3,2022-08-29,1320,130.7907,TRAILING_STOP_EXIT,short_term,107.3259,-3.3433,BEAR_RISK_OFF,54.8858,22.8299,25.0,0.5,12.5304,BROKEN_CHART_QUALITY_RECOVERY,2022-07-07,,117.8856,True,HLT
,TECHNICAL_NATIVE,141,2022-07-15,1289,BUY_STARTER,NEXT_OPEN,115.17,quality_dislocation,0,3,2023-02-06,1430,146.23,MAX_SIM_WINDOW_EXIT,medium_term,106.7839,0.0,BEAR_RISK_OFF,74.1646,29.1135,25.0,0.5,21.5919,BROKEN_CHART_QUALITY_RECOVERY,2022-07-14,,121.4596,True,HLT
,TECHNICAL_NATIVE,31,2022-07-15,1289,BUY_STARTER,NEXT_OPEN,115.17,quality_dislocation,0,3,2022-08-29,1320,130.7907,TRAILING_STOP_EXIT,short_term,107.3259,0.0,BEAR_RISK_OFF,54.7833,20.8995,25.0,0.5,11.4494,BROKEN_CHART_QUALITY_RECOVERY,2022-07-14,,121.0531,True,HLT
,TECHNICAL_NATIVE,141,2025-04-15,1979,BUY_STARTER,NEXT_OPEN,211.32,quality_dislocation,0,3,2025-11-05,2120,264.46,MAX_SIM_WINDOW_EXIT,medium_term,193.0994,-4.8126,BEAR_RISK_OFF,63.179,32.4106,25.0,0.5,20.4767,BROKEN_CHART_QUALITY_RECOVERY,2025-04-14,,224.9855,True,HLT
,TECHNICAL_NATIVE,27,2025-04-15,1979,BUY_STARTER,NEXT_OPEN,211.32,quality_dislocation,0,3,2025-05-23,2006,243.1329,TRAILING_STOP_EXIT,short_term,194.0796,-4.8126,BEAR_RISK_OFF,56.1614,22.8279,25.0,0.5,12.8205,BROKEN_CHART_QUALITY_RECOVERY,2025-04-14,,224.2503,True,HLT
,TECHNICAL_NATIVE,141,2025-04-23,1984,BUY_FULL,NEXT_OPEN,217.17,quality_dislocation,0,3,2025-11-12,2125,274.8,MAX_SIM_WINDOW_EXIT,medium_term,193.6109,-1.4413,BEAR_RISK_OFF,76.0533,28.8438,25.0,1.0,21.9366,BROKEN_CHART_QUALITY_RECOVERY,2025-04-22,,234.8393,True,HLT
,TECHNICAL_NATIVE,22,2025-04-23,1984,BUY_FULL,NEXT_OPEN,217.17,quality_dislocation,0,3,2025-05-23,2006,243.1329,TRAILING_STOP_EXIT,short_term,194.0796,-1.4413,BEAR_RISK_OFF,56.149,19.5193,25.0,1.0,10.9599,BROKEN_CHART_QUALITY_RECOVERY,2025-04-22,,234.4878,True,HLT
HIGH_ATR_CAP,TECHNICAL_NATIVE,141,2020-03-26,709,BUY_FULL,NEXT_OPEN,75.41,quality_dislocation,0,3,2020-10-15,850,102.07,MAX_SIM_WINDOW_EXIT,medium_term,62.5573,0.0,BEAR_RISK_OFF,70.9464,41.8777,25.0,0.5,29.7107,BROKEN_CHART_QUALITY_RECOVERY,2020-03-25,,85.0495,True,ICE
HIGH_ATR_CAP,TECHNICAL_NATIVE,54,2020-03-26,709,BUY_FULL,NEXT_OPEN,75.41,quality_dislocation,0,3,2020-06-12,763,91.7257,TRAILING_STOP_EXIT,short_term,62.8749,0.0,BEAR_RISK_OFF,63.2297,30.5928,25.0,0.5,19.3437,BROKEN_CHART_QUALITY_RECOVERY,2020-03-25,,84.8113,True,ICE
,TECHNICAL_NATIVE,61,2022-06-23,1274,BUY_FULL,NEXT_OPEN,94.8,quality_dislocation,0,3,2022-09-20,1335,94.8,STOP_LOSS_EXIT,medium_term,88.6993,-3.1224,BEAR_RISK_OFF,6.2611,19.2721,25.0,1.0,1.2066,BROKEN_CHART_QUALITY_RECOVERY,2022-06-22,,99.3756,True,ICE
,TECHNICAL_NATIVE,5,2022-06-23,1274,BUY_FULL,NEXT_OPEN,94.8,quality_dislocation,0,3,2022-06-30,1279,94.8,TRAILING_STOP_EXIT,short_term,89.1495,-1.5506,BEAR_RISK_OFF,23.2342,4.8101,25.0,1.0,1.1176,BROKEN_CHART_QUALITY_RECOVERY,2022-06-22,,99.0379,True,ICE
,TECHNICAL_NATIVE,2,2022-10-17,1354,BUY_STARTER,NEXT_OPEN,90.97,quality_dislocation,0,3,2022-10-19,1356,90.97,STOP_LOSS_EXIT,medium_term,87.271,-0.4507,BEAR_RISK_OFF,19.9305,3.8254,25.0,0.5,0.7624,BROKEN_CHART_QUALITY_RECOVERY,2022-10-14,,93.7443,True,ICE
,TECHNICAL_NATIVE,2,2022-10-17,1354,BUY_STARTER,NEXT_OPEN,90.97,quality_dislocation,0,3,2022-10-19,1356,90.97,TRAILING_STOP_EXIT,short_term,87.714,-0.4507,BEAR_RISK_OFF,17.5433,3.8254,25.0,0.5,0.6711,BROKEN_CHART_QUALITY_RECOVERY,2022-10-14,,93.412,True,ICE
,TECHNICAL_NATIVE,141,2023-03-20,1459,BUY_STARTER,NEXT_OPEN,97.36,quality_dislocation,0,3,2023-10-10,1600,111.76,MAX_SIM_WINDOW_EXIT,medium_term,92.7476,-1.7461,BEAR_RISK_OFF,54.4322,22.0111,25.0,0.5,11.9811,BROKEN_CHART_QUALITY_RECOVERY,2023-03-17,,100.8193,True,ICE
,TECHNICAL_NATIVE,26,2023-03-20,1459,BUY_STARTER,NEXT_OPEN,97.36,quality_dislocation,0,3,2023-04-26,1485,104.6964,TRAILING_STOP_EXIT,short_term,93.2184,-1.7461,BEAR_RISK_OFF,53.4829,12.0583,25.0,0.5,6.4491,BROKEN_CHART_QUALITY_RECOVERY,2023-03-17,,100.4662,True,ICE
HIGH_ATR_CAP,TECHNICAL_NATIVE,141,2020-03-26,709,BUY_STARTER,NEXT_OPEN,124.2507,quality_dislocation,0,3,2020-10-15,850,162.6861,MAX_SIM_WINDOW_EXIT,medium_term,93.8396,-11.1659,BEAR_RISK_OFF,81.1404,34.2487,25.0,0.25,27.7895,BROKEN_CHART_QUALITY_RECOVERY,2020-03-25,,147.0591,True,HON
HIGH_ATR_CAP,TECHNICAL_NATIVE,53,2020-03-26,709,BUY_STARTER,NEXT_OPEN,124.2507,quality_dislocation,0,3,2020-06-11,762,142.2142,TRAILING_STOP_EXIT,short_term,94.3159,-11.1659,BEAR_RISK_OFF,59.7509,25.7074,25.0,0.25,15.3604,BROKEN_CHART_QUALITY_RECOVERY,2020-03-25,,146.7018,True,HON
,TECHNICAL_NATIVE,49,2022-07-08,1284,BUY_STARTER,NEXT_OPEN,163.8925,quality_dislocation,0,3,2022-09-16,1333,163.8925,STOP_LOSS_EXIT,medium_term,156.8573,-3.761,BEAR_RISK_OFF,4.6084,17.4651,25.0,0.5,0.8049,BROKEN_CHART_QUALITY_RECOVERY,2022-07-07,,169.169,True,HON
,TECHNICAL_NATIVE,35,2022-07-08,1284,BUY_STARTER,NEXT_OPEN,163.8925,quality_dislocation,0,3,2022-08-26,1319,184.5086,TRAILING_STOP_EXIT,short_term,157.6535,-3.761,BEAR_RISK_OFF,58.1045,17.4651,25.0,0.5,10.148,BROKEN_CHART_QUALITY_RECOVERY,2022-07-07,,168.5718,True,HON
,TECHNICAL_NATIVE,141,2022-10-10,1349,BUY_FULL,NEXT_OPEN,162.8746,quality_dislocation,0,3,2023-05-03,1490,186.5787,MAX_SIM_WINDOW_EXIT,medium_term,154.6942,-2.0774,BEAR_RISK_OFF,42.5543,27.863,25.0,1.0,11.8569,BROKEN_CHART_QUALITY_RECOVERY,2022-10-07,,169.01,True,HON
,TECHNICAL_NATIVE,47,2022-10-10,1349,BUY_FULL,NEXT_OPEN,162.8746,quality_dislocation,0,3,2022-12-15,1396,198.3641,TRAILING_STOP_EXIT,short_term,155.4795,-2.0774,BEAR_RISK_OFF,61.7069,27.863,25.0,1.0,17.1934,BROKEN_CHART_QUALITY_RECOVERY,2022-10-07,,168.421,True,HON
,TECHNICAL_NATIVE,3,2018-11-30,379,BUY_FULL,NEXT_OPEN,51.11,quality_dislocation,0,1,2018-12-06,382,49.8262,STOP_LOSS_EXIT,medium_term,49.8262,-5.0675,BEAR_RISK_OFF,-221.3463,1.1348,0.0,1.0,-2.5118,BROKEN_CHART_QUALITY_RECOVERY,2018-11-29,,52.0728,False,KHC
,TECHNICAL_NATIVE,2,2018-11-30,379,BUY_FULL,NEXT_OPEN,51.11,quality_dislocation,0,1,2018-12-04,381,50.0791,STOP_LOSS_EXIT,short_term,50.0791,-2.4457,BEAR_RISK_OFF,-177.7426,1.1348,0.0,1.0,-2.017,BROKEN_CHART_QUALITY_RECOVERY,2018-11-29,,51.8831,False,KHC
,TECHNICAL_NATIVE,6,2023-10-23,1609,BUY_STARTER,NEXT_OPEN,31.31,quality_dislocation,0,3,2023-10-31,1615,31.31,STOP_LOSS_EXIT,medium_term,30.2198,-0.7506,BEAR_RISK_OFF,20.0389,3.2578,25.0,0.5,0.6528,BROKEN_CHART_QUALITY_RECOVERY,2023-10-20,,32.1276,True,KHC
,TECHNICAL_NATIVE,6,2023-10-23,1609,BUY_STARTER,NEXT_OPEN,31.31,quality_dislocation,0,3,2023-10-31,1615,31.31,TRAILING_STOP_EXIT,short_term,30.3732,-0.7506,BEAR_RISK_OFF,17.2203,3.2578,25.0,0.5,0.561,BROKEN_CHART_QUALITY_RECOVERY,2023-10-20,,32.0126,True,KHC
HIGH_ATR_CAP,TECHNICAL_NATIVE,1,2020-03-19,704,BUY_FULL,NEXT_OPEN,131.88,quality_dislocation,0,1,2020-03-20,705,123.3713,STOP_LOSS_EXIT,medium_term,123.3713,-14.2554,BEAR_RISK_OFF,-1270.0499,0.508,0.0,0.5,-6.4519,BROKEN_CHART_QUALITY_RECOVERY,2020-03-18,,138.2616,False,KLAC
HIGH_ATR_CAP,TECHNICAL_NATIVE,1,2020-03-19,704,BUY_FULL,NEXT_OPEN,131.88,quality_dislocation,0,1,2020-03-20,705,123.9975,STOP_LOSS_EXIT,short_term,123.9975,-14.2554,BEAR_RISK_OFF,-1176.5803,0.508,0.0,0.5,-5.977,BROKEN_CHART_QUALITY_RECOVERY,2020-03-18,,137.7919,False,KLAC
HIGH_ATR_CAP,TECHNICAL_NATIVE,23,2022-03-14,1204,BUY_STARTER,NEXT_OPEN,324.23,quality_dislocation,0,3,2022-04-14,1227,324.23,STOP_LOSS_EXIT,medium_term,305.8917,-1.0209,BEAR_RISK_OFF,5.4839,19.3381,25.0,0.25,1.0605,BROKEN_CHART_QUALITY_RECOVERY,2022-03-11,,337.9837,True,KLAC
HIGH_ATR_CAP,TECHNICAL_NATIVE,16,2022-03-14,1204,BUY_STARTER,NEXT_OPEN,324.23,quality_dislocation,0,3,2022-04-05,1220,347.7511,TRAILING_STOP_EXIT,short_term,307.4445,-0.2621,BEAR_RISK_OFF,33.1549,19.3381,25.0,0.25,6.4115,BROKEN_CHART_QUALITY_RECOVERY,2022-03-11,,336.8192,True,KLAC
HIGH_ATR_CAP,TECHNICAL_NATIVE,141,2020-04-02,714,BUY_STARTER,NEXT_OPEN,42.22,quality_dislocation,0,3,2020-10-22,855,50.68,MAX_SIM_WINDOW_EXIT,medium_term,35.726,0.0,BEAR_RISK_OFF,76.236,23.496,25.0,0.25,17.9124,BROKEN_CHART_QUALITY_RECOVERY,2020-04-01,,47.0905,True,KO
HIGH_ATR_CAP,TECHNICAL_NATIVE,21,2020-04-02,714,BUY_STARTER,NEXT_OPEN,42.22,quality_dislocation,0,3,2020-05-04,735,45.4893,TRAILING_STOP_EXIT,short_term,35.9073,0.0,BEAR_RISK_OFF,48.4099,17.7878,25.0,0.25,8.6111,BROKEN_CHART_QUALITY_RECOVERY,2020-04-01,,46.9545,True,KO
HIGH_ATR_CAP,TECHNICAL_NATIVE,141,2020-03-26,709,BUY_FULL,NEXT_OPEN,169.27,quality_dislocation,0,3,2020-10-15,850,229.6,MAX_SIM_WINDOW_EXIT,medium_term,144.5094,-5.825,BEAR_RISK_OFF,54.6921,53.8902,25.0,0.5,29.4737,BROKEN_CHART_QUALITY_RECOVERY,2020-03-25,,187.8405,True,LIN
HIGH_ATR_CAP,TECHNICAL_NATIVE,34,2020-03-26,709,BUY_FULL,NEXT_OPEN,169.27,quality_dislocation,0,3,2020-05-14,743,177.5022,TRAILING_STOP_EXIT,short_term,145.2429,-5.825,BEAR_RISK_OFF,49.3493,12.7843,25.0,0.5,6.309,BROKEN_CHART_QUALITY_RECOVERY,2020-03-25,,187.2903,True,LIN
,TECHNICAL_NATIVE,4,2022-10-03,1344,BUY_FULL,NEXT_OPEN,272.53,quality_dislocation,0,3,2022-10-07,1348,272.53,STOP_LOSS_EXIT,medium_term,258.7777,-0.2422,BEAR_RISK_OFF,17.6132,5.3719,25.0,1.0,0.9462,BROKEN_CHART_QUALITY_RECOVERY,2022-09-30,,282.8443,True,LIN
,TECHNICAL_NATIVE,4,2022-10-03,1344,BUY_FULL,NEXT_OPEN,272.53,quality_dislocation,0,3,2022-10-07,1348,272.53,TRAILING_STOP_EXIT,short_term,259.8453,-0.2422,BEAR_RISK_OFF,16.2457,5.3719,25.0,1.0,0.8727,BROKEN_CHART_QUALITY_RECOVERY,2022-09-30,,282.0435,True,LIN
HIGH_ATR_CAP,TECHNICAL_NATIVE,16,2025-04-15,1979,BUY_FULL,NEXT_OPEN,755.57,quality_dislocation,0,3,2025-05-08,1995,755.57,STOP_LOSS_EXIT,medium_term,672.6398,-3.3392,BEAR_RISK_OFF,10.5829,19.4462,25.0,0.5,2.058,BROKEN_CHART_QUALITY_RECOVERY,2025-04-14,,817.7676,True,LLY
HIGH_ATR_CAP,TECHNICAL_NATIVE,11,2025-04-15,1979,BUY_FULL,NEXT_OPEN,755.57,quality_dislocation,0,3,2025-05-01,1990,798.4664,TRAILING_STOP_EXIT,short_term,670.3191,-3.3392,BEAR_RISK_OFF,32.7755,19.4462,25.0,0.5,6.3736,BROKEN_CHART_QUALITY_RECOVERY,2025-04-14,,819.5082,True,LLY
,TECHNICAL_NATIVE,2,2018-12-17,389,BUY_STARTER,NEXT_OPEN,286.2,quality_dislocation,0,1,2018-12-19,391,273.042,STOP_LOSS_EXIT,medium_term,273.042,-5.1293,BEAR_RISK_OFF,,0.0,0.0,0.5,-4.5975,BROKEN_CHART_QUALITY_RECOVERY,2018-12-14,,296.0685,False,LMT
,TECHNICAL_NATIVE,2,2018-12-17,389,BUY_STARTER,NEXT_OPEN,286.2,quality_dislocation,0,1,2018-12-19,391,274.428,STOP_LOSS_EXIT,short_term,274.428,-5.1293,BEAR_RISK_OFF,,0.0,0.0,0.5,-4.1132,BROKEN_CHART_QUALITY_RECOVERY,2018-12-14,,295.029,False,LMT
,TECHNICAL_NATIVE,141,2019-01-02,399,BUY_STARTER,NEXT_OPEN,258.36,quality_dislocation,0,3,2019-07-25,540,370.32,MAX_SIM_WINDOW_EXIT,medium_term,239.4278,-0.3793,BEAR_RISK_OFF,76.0976,44.5154,25.0,0.5,33.8751,BROKEN_CHART_QUALITY_RECOVERY,2018-12-31,,272.5591,True,LMT
,TECHNICAL_NATIVE,44,2019-01-02,399,BUY_STARTER,NEXT_OPEN,258.36,quality_dislocation,0,3,2019-03-07,443,299.9407,TRAILING_STOP_EXIT,short_term,238.7682,-0.3793,BEAR_RISK_OFF,65.2545,20.6766,25.0,0.5,13.4924,BROKEN_CHART_QUALITY_RECOVERY,2018-12-31,,273.0538,True,LMT
HIGH_ATR_CAP,TECHNICAL_NATIVE,2,2020-03-19,704,BUY_FULL,NEXT_OPEN,333.41,quality_dislocation,0,1,2020-03-23,706,280.725,STOP_LOSS_EXIT,medium_term,280.725,-20.1854,BEAR_RISK_OFF,,0.0,0.0,0.5,-15.8019,BROKEN_CHART_QUALITY_RECOVERY,2020-03-18,,372.9238,False,LMT
HIGH_ATR_CAP,TECHNICAL_NATIVE,2,2020-03-19,704,BUY_FULL,NEXT_OPEN,333.41,quality_dislocation,0,1,2020-03-23,706,282.15,STOP_LOSS_EXIT,short_term,282.15,-20.1854,BEAR_RISK_OFF,,0.0,0.0,0.5,-15.3745,BROKEN_CHART_QUALITY_RECOVERY,2020-03-18,,371.855,False,LMT
,TECHNICAL_NATIVE,3,2022-04-26,1234,BUY_FULL,NEXT_OPEN,198.91,quality_dislocation,0,3,2022-04-29,1237,198.91,STOP_LOSS_EXIT,medium_term,191.7499,-0.92,BEAR_RISK_OFF,16.2924,4.1426,25.0,1.0,0.6749,BROKEN_CHART_QUALITY_RECOVERY,2022-04-25,,204.28,True,LOW
,TECHNICAL_NATIVE,3,2022-04-26,1234,BUY_FULL,NEXT_OPEN,198.91,quality_dislocation,0,3,2022-04-29,1237,198.91,TRAILING_STOP_EXIT,short_term,192.7233,-0.92,BEAR_RISK_OFF,14.0776,4.1426,25.0,1.0,0.5832,BROKEN_CHART_QUALITY_RECOVERY,2022-04-25,,203.55,True,LOW
,TECHNICAL_NATIVE,141,2022-06-30,1279,BUY_FULL,NEXT_OPEN,172.04,quality_dislocation,0,3,2023-01-23,1420,205.11,MAX_SIM_WINDOW_EXIT,medium_term,167.5682,0.0,BEAR_RISK_OFF,51.9258,28.7026,25.0,1.0,14.9041,BROKEN_CHART_QUALITY_RECOVERY,2022-06-29,,175.3938,True,LOW
,TECHNICAL_NATIVE,18,2022-06-30,1279,BUY_FULL,NEXT_OPEN,172.04,quality_dislocation,0,3,2022-07-27,1297,186.3121,TRAILING_STOP_EXIT,short_term,168.4188,0.0,BEAR_RISK_OFF,42.0351,15.7405,25.0,1.0,6.6165,BROKEN_CHART_QUALITY_RECOVERY,2022-06-29,,174.7559,True,LOW
,TECHNICAL_NATIVE,4,2022-06-23,1274,BUY_FULL,NEXT_OPEN,318.9,quality_dislocation,0,3,2022-06-29,1278,318.9,STOP_LOSS_EXIT,medium_term,299.0952,-0.2446,BEAR_RISK_OFF,20.3474,5.7228,25.0,1.0,1.1644,BROKEN_CHART_QUALITY_RECOVERY,2022-06-22,,333.7536,True,MA
,TECHNICAL_NATIVE,4,2022-06-23,1274,BUY_FULL,NEXT_OPEN,318.9,quality_dislocation,0,3,2022-06-29,1278,318.9,TRAILING_STOP_EXIT,short_term,300.6135,-0.2446,BEAR_RISK_OFF,18.7875,5.7228,25.0,1.0,1.0752,BROKEN_CHART_QUALITY_RECOVERY,2022-06-22,,332.6149,True,MA
,TECHNICAL_NATIVE,3,2022-10-10,1349,BUY_STARTER,NEXT_OPEN,297.04,quality_dislocation,0,1,2022-10-13,1352,277.4647,STOP_LOSS_EXIT,medium_term,277.4647,-6.7903,BEAR_RISK_OFF,,0.0,0.0,0.5,-6.5901,BROKEN_CHART_QUALITY_RECOVERY,2022-10-07,,311.7215,False,MA
,TECHNICAL_NATIVE,3,2022-10-10,1349,BUY_STARTER,NEXT_OPEN,297.04,quality_dislocation,0,1,2022-10-13,1352,278.8731,STOP_LOSS_EXIT,short_term,278.8731,-6.7903,BEAR_RISK_OFF,,0.0,0.0,0.5,-6.116,BROKEN_CHART_QUALITY_RECOVERY,2022-10-07,,310.6652,False,MA
,TECHNICAL_NATIVE,141,2022-10-17,1354,BUY_STARTER,NEXT_OPEN,295.42,quality_dislocation,0,3,2023-05-10,1495,382.54,MAX_SIM_WINDOW_EXIT,medium_term,274.9547,-0.6499,BEAR_RISK_OFF,73.1416,32.0154,25.0,0.5,23.4166,BROKEN_CHART_QUALITY_RECOVERY,2022-10-14,,310.769,True,MA
,TECHNICAL_NATIVE,42,2022-10-17,1354,BUY_STARTER,NEXT_OPEN,295.42,quality_dislocation,0,3,2022-12-15,1396,346.1386,TRAILING_STOP_EXIT,short_term,274.1013,-0.6499,BEAR_RISK_OFF,56.9288,24.9949,25.0,0.5,14.2293,BROKEN_CHART_QUALITY_RECOVERY,2022-10-14,,311.4091,True,MA
HIGH_ATR_CAP,TECHNICAL_NATIVE,55,2020-03-26,709,BUY_STARTER,NEXT_OPEN,87.6,quality_dislocation,0,3,2020-06-15,764,87.6,STOP_LOSS_EXIT,medium_term,54.4977,-34.9315,BEAR_RISK_OFF,20.145,35.1712,25.0,0.25,7.0852,BROKEN_CHART_QUALITY_RECOVERY,2020-03-25,,112.4267,True,MAR
HIGH_ATR_CAP,TECHNICAL_NATIVE,52,2020-03-26,709,BUY_STARTER,NEXT_OPEN,87.6,quality_dislocation,0,3,2020-06-10,761,101.7771,TRAILING_STOP_EXIT,short_term,50.8196,-34.9315,BEAR_RISK_OFF,56.8945,35.1712,25.0,0.25,20.0105,BROKEN_CHART_QUALITY_RECOVERY,2020-03-25,,115.1853,True,MAR
,TECHNICAL_NATIVE,54,2022-07-08,1284,BUY_STARTER,NEXT_OPEN,138.68,quality_dislocation,0,3,2022-09-23,1338,138.68,STOP_LOSS_EXIT,medium_term,129.0448,-2.5454,BEAR_RISK_OFF,6.4799,20.1038,25.0,0.5,1.3027,BROKEN_CHART_QUALITY_RECOVERY,2022-07-07,,145.9064,True,MAR
,TECHNICAL_NATIVE,36,2022-07-08,1284,BUY_STARTER,NEXT_OPEN,138.68,quality_dislocation,0,3,2022-08-29,1320,156.1971,TRAILING_STOP_EXIT,short_term,129.6999,-2.5454,BEAR_RISK_OFF,53.1623,20.1038,25.0,0.5,10.6876,BROKEN_CHART_QUALITY_RECOVERY,2022-07-07,,145.4151,True,MAR
,TECHNICAL_NATIVE,4,2022-10-03,1344,BUY_FULL,NEXT_OPEN,142.09,quality_dislocation,0,3,2022-10-07,1348,142.09,STOP_LOSS_EXIT,medium_term,133.8615,-1.9565,BEAR_RISK_OFF,23.2705,4.6661,25.0,1.0,1.0858,BROKEN_CHART_QUALITY_RECOVERY,2022-09-30,,148.2614,True,MAR
,TECHNICAL_NATIVE,4,2022-10-03,1344,BUY_FULL,NEXT_OPEN,142.09,quality_dislocation,0,3,2022-10-07,1348,142.09,TRAILING_STOP_EXIT,short_term,134.541,-1.9565,BEAR_RISK_OFF,21.3486,4.6661,25.0,1.0,0.9961,BROKEN_CHART_QUALITY_RECOVERY,2022-09-30,,147.7517,True,MAR
,TECHNICAL_NATIVE,141,2022-10-10,1349,BUY_STARTER,NEXT_OPEN,142.12,quality_dislocation,0,3,2023-05-03,1490,178.45,MAX_SIM_WINDOW_EXIT,medium_term,133.9797,-3.4267,BEAR_RISK_OFF,69.9242,28.9544,25.0,0.5,20.2461,BROKEN_CHART_QUALITY_RECOVERY,2022-10-07,,148.2252,True,MAR
,TECHNICAL_NATIVE,18,2022-10-10,1349,BUY_STARTER,NEXT_OPEN,142.12,quality_dislocation,0,3,2022-11-03,1367,148.4929,TRAILING_STOP_EXIT,short_term,134.6598,-3.4267,BEAR_RISK_OFF,29.5902,14.6918,25.0,0.5,4.3473,BROKEN_CHART_QUALITY_RECOVERY,2022-10-07,,147.7151,True,MAR
HIGH_ATR_CAP,TECHNICAL_NATIVE,141,2025-04-15,1979,BUY_STARTER,NEXT_OPEN,224.63,quality_dislocation,0,3,2025-11-05,2120,283.07,MAX_SIM_WINDOW_EXIT,medium_term,202.319,-5.3866,BEAR_RISK_OFF,78.6717,27.1691,25.0,0.25,21.3744,BROKEN_CHART_QUALITY_RECOVERY,2025-04-14,,241.3633,True,MAR
HIGH_ATR_CAP,TECHNICAL_NATIVE,27,2025-04-15,1979,BUY_STARTER,NEXT_OPEN,224.63,quality_dislocation,0,3,2025-05-23,2006,257.7886,TRAILING_STOP_EXIT,short_term,203.346,-5.3866,BEAR_RISK_OFF,56.1582,22.8776,25.0,0.25,12.8476,BROKEN_CHART_QUALITY_RECOVERY,2025-04-14,,240.593,True,MAR
HIGH_ATR_CAP,TECHNICAL_NATIVE,141,2025-04-23,1984,BUY_FULL,NEXT_OPEN,228.88,quality_dislocation,0,3,2025-11-12,2125,291.67,MAX_SIM_WINDOW_EXIT,medium_term,204.5057,-0.5811,BEAR_RISK_OFF,78.1466,28.8841,25.0,0.5,22.5719,BROKEN_CHART_QUALITY_RECOVERY,2025-04-22,,247.1607,True,MAR
HIGH_ATR_CAP,TECHNICAL_NATIVE,22,2025-04-23,1984,BUY_FULL,NEXT_OPEN,228.88,quality_dislocation,0,3,2025-05-23,2006,257.7886,TRAILING_STOP_EXIT,short_term,205.5438,-0.5811,BEAR_RISK_OFF,55.2758,20.5959,25.0,0.5,11.3846,BROKEN_CHART_QUALITY_RECOVERY,2025-04-22,,246.3822,True,MAR
HIGH_ATR_CAP,TECHNICAL_NATIVE,141,2020-03-26,709,BUY_FULL,NEXT_OPEN,46.11,quality_dislocation,0,3,2020-10-15,850,58.34,MAX_SIM_WINDOW_EXIT,medium_term,40.5721,0.0,BEAR_RISK_OFF,75.0245,29.5164,25.0,0.5,22.1445,BROKEN_CHART_QUALITY_RECOVERY,2020-03-25,,50.2634,True,MDLZ
HIGH_ATR_CAP,TECHNICAL_NATIVE,23,2020-03-26,709,BUY_FULL,NEXT_OPEN,46.11,quality_dislocation,0,3,2020-04-29,732,50.1871,TRAILING_STOP_EXIT,short_term,40.7781,0.0,BEAR_RISK_OFF,47.7362,18.4342,25.0,0.5,8.7998,BROKEN_CHART_QUALITY_RECOVERY,2020-03-25,,50.1089,True,MDLZ
,TECHNICAL_NATIVE,23,2018-11-01,359,BUY_FULL,NEXT_OPEN,41.54,quality_dislocation,0,3,2018-12-06,382,41.54,STOP_LOSS_EXIT,medium_term,38.7677,-3.3943,BEAR_RISK_OFF,10.8066,11.5792,25.0,1.0,1.2513,BROKEN_CHART_QUALITY_RECOVERY,2018-10-31,,43.6192,True,MET
,TECHNICAL_NATIVE,13,2018-11-01,359,BUY_FULL,NEXT_OPEN,41.54,quality_dislocation,0,3,2018-11-20,372,42.735,TRAILING_STOP_EXIT,short_term,38.9169,0.0,BEAR_RISK_OFF,28.8581,11.5792,25.0,1.0,3.3415,BROKEN_CHART_QUALITY_RECOVERY,2018-10-31,,43.5073,True,MET
HIGH_ATR_CAP,TECHNICAL_NATIVE,34,2020-03-26,709,BUY_STARTER,NEXT_OPEN,30.14,quality_dislocation,0,3,2020-05-14,743,30.14,STOP_LOSS_EXIT,medium_term,22.5073,-11.0153,BEAR_RISK_OFF,18.8557,25.1825,25.0,0.25,4.7483,BROKEN_CHART_QUALITY_RECOVERY,2020-03-25,,35.8646,True,MET
HIGH_ATR_CAP,TECHNICAL_NATIVE,28,2020-03-26,709,BUY_STARTER,NEXT_OPEN,30.14,quality_dislocation,0,3,2020-05-06,737,32.9021,TRAILING_STOP_EXIT,short_term,22.6215,-11.0153,BEAR_RISK_OFF,45.8673,25.1825,25.0,0.25,11.5505,BROKEN_CHART_QUALITY_RECOVERY,2020-03-25,,35.7789,True,MET
,TECHNICAL_NATIVE,37,2022-06-30,1279,BUY_STARTER,NEXT_OPEN,89.42,quality_dislocation,0,3,2022-08-23,1316,89.42,STOP_LOSS_EXIT,medium_term,85.6457,-3.0418,BEAR_RISK_OFF,11.4511,6.9112,25.0,0.5,0.7914,BROKEN_CHART_QUALITY_RECOVERY,2022-06-29,,92.2507,True,MDT
,TECHNICAL_NATIVE,37,2022-06-30,1279,BUY_STARTER,NEXT_OPEN,89.42,quality_dislocation,0,3,2022-08-23,1316,92.1286,TRAILING_STOP_EXIT,short_term,86.0805,-3.0418,BEAR_RISK_OFF,43.003,6.9112,25.0,0.5,2.972,BROKEN_CHART_QUALITY_RECOVERY,2022-06-29,,91.9246,True,MDT
,TECHNICAL_NATIVE,21,2022-10-10,1349,BUY_FULL,NEXT_OPEN,82.89,quality_dislocation,0,3,2022-11-08,1370,82.89,STOP_LOSS_EXIT,medium_term,79.1841,-4.1621,BEAR_RISK_OFF,11.8779,7.0575,25.0,1.0,0.8383,BROKEN_CHART_QUALITY_RECOVERY,2022-10-07,,85.6694,True,MDT
,TECHNICAL_NATIVE,3,2022-10-10,1349,BUY_FULL,NEXT_OPEN,82.89,quality_dislocation,0,1,2022-10-13,1352,79.5861,STOP_LOSS_EXIT,short_term,79.5861,-4.1621,BEAR_RISK_OFF,-250.291,1.5925,0.0,1.0,-3.9859,BROKEN_CHART_QUALITY_RECOVERY,2022-10-07,,85.3679,False,MDT
,TECHNICAL_NATIVE,16,2022-10-17,1354,BUY_STARTER,NEXT_OPEN,82.8,quality_dislocation,0,3,2022-11-08,1370,82.8,STOP_LOSS_EXIT,medium_term,78.2484,-3.7198,BEAR_RISK_OFF,14.3674,7.1739,25.0,0.5,1.0307,BROKEN_CHART_QUALITY_RECOVERY,2022-10-14,,86.2137,True,MDT
,TECHNICAL_NATIVE,16,2022-10-17,1354,BUY_STARTER,NEXT_OPEN,82.8,quality_dislocation,0,3,2022-11-08,1370,83.2693,TRAILING_STOP_EXIT,short_term,78.6456,-3.7198,BEAR_RISK_OFF,19.0389,7.1739,25.0,0.5,1.3658,BROKEN_CHART_QUALITY_RECOVERY,2022-10-14,,85.9158,True,MDT
HIGH_ATR_CAP,TECHNICAL_NATIVE,141,2020-03-26,709,BUY_FULL,NEXT_OPEN,158.25,quality_dislocation,0,3,2020-10-15,850,266.72,MAX_SIM_WINDOW_EXIT,medium_term,135.0435,-4.6888,BEAR_RISK_OFF,58.5328,92.5245,25.0,0.5,54.1572,BROKEN_CHART_QUALITY_RECOVERY,2020-03-25,,175.6549,True,META
HIGH_ATR_CAP,TECHNICAL_NATIVE,42,2020-03-26,709,BUY_FULL,NEXT_OPEN,158.25,quality_dislocation,0,3,2020-05-27,751,221.1729,TRAILING_STOP_EXIT,short_term,135.729,-4.6888,BEAR_RISK_OFF,62.2079,52.2275,25.0,0.5,32.4896,BROKEN_CHART_QUALITY_RECOVERY,2020-03-25,,175.1407,True,META
HIGH_ATR_CAP,TECHNICAL_NATIVE,6,2022-06-30,1279,BUY_STARTER,NEXT_OPEN,162.15,quality_dislocation,0,3,2022-07-11,1285,162.15,STOP_LOSS_EXIT,medium_term,151.9363,-4.4095,BEAR_RISK_OFF,18.1179,6.5187,25.0,0.25,1.1811,BROKEN_CHART_QUALITY_RECOVERY,2022-06-29,,169.8103,True,META
HIGH_ATR_CAP,TECHNICAL_NATIVE,6,2022-06-30,1279,BUY_STARTER,NEXT_OPEN,162.15,quality_dislocation,0,3,2022-07-11,1285,162.15,TRAILING_STOP_EXIT,short_term,152.7075,-4.4095,BEAR_RISK_OFF,16.7499,6.5187,25.0,0.25,1.0919,BROKEN_CHART_QUALITY_RECOVERY,2022-06-29,,169.2319,True,META
,TECHNICAL_NATIVE,3,2022-10-24,1359,BUY_STARTER,NEXT_OPEN,127.25,quality_dislocation,0,3,2022-10-27,1362,127.25,STOP_LOSS_EXIT,medium_term,120.692,-24.2593,BEAR_RISK_OFF,11.0777,8.723,25.0,0.5,0.9663,BROKEN_CHART_QUALITY_RECOVERY,2022-10-21,,132.1685,True,META
,TECHNICAL_NATIVE,3,2022-10-24,1359,BUY_STARTER,NEXT_OPEN,127.25,quality_dislocation,0,3,2022-10-27,1362,127.25,TRAILING_STOP_EXIT,short_term,121.3047,-24.2593,BEAR_RISK_OFF,10.0428,8.723,25.0,0.5,0.876,BROKEN_CHART_QUALITY_RECOVERY,2022-10-21,,131.709,True,META
HIGH_ATR_CAP,TECHNICAL_NATIVE,141,2025-04-15,1979,BUY_STARTER,NEXT_OPEN,532.11,quality_dislocation,0,3,2025-11-05,2120,635.95,MAX_SIM_WINDOW_EXIT,medium_term,474.6715,-9.8307,BEAR_RISK_OFF,33.5617,49.6401,25.0,0.25,16.66,BROKEN_CHART_QUALITY_RECOVERY,2025-04-14,,575.1889,True,META
HIGH_ATR_CAP,TECHNICAL_NATIVE,62,2025-04-15,1979,BUY_STARTER,NEXT_OPEN,532.11,quality_dislocation,0,3,2025-07-16,2041,705.78,TRAILING_STOP_EXIT,short_term,477.081,-9.8307,BEAR_RISK_OFF,65.1422,40.5537,25.0,0.25,26.4176,BROKEN_CHART_QUALITY_RECOVERY,2025-04-14,,573.3817,True,META
,TECHNICAL_NATIVE,2,2022-06-30,1279,BUY_STARTER,NEXT_OPEN,296.41,quality_dislocation,0,1,2022-07-05,1281,287.1965,STOP_LOSS_EXIT,medium_term,287.1965,-3.8528,BEAR_RISK_OFF,-160.5146,1.9365,0.0,0.5,-3.1084,BROKEN_CHART_QUALITY_RECOVERY,2022-06-29,,303.3202,False,MLM
,TECHNICAL_NATIVE,2,2022-06-30,1279,BUY_STARTER,NEXT_OPEN,296.41,quality_dislocation,0,1,2022-07-05,1281,288.6543,STOP_LOSS_EXIT,short_term,288.6543,-3.8528,BEAR_RISK_OFF,-135.1173,1.9365,0.0,0.5,-2.6165,BROKEN_CHART_QUALITY_RECOVERY,2022-06-29,,302.2268,False,MLM
,TECHNICAL_NATIVE,8,2022-10-03,1344,BUY_FULL,NEXT_OPEN,325.03,quality_dislocation,0,1,2022-10-13,1352,302.7102,STOP_LOSS_EXIT,medium_term,302.7102,-8.1346,BEAR_RISK_OFF,-175.8829,3.9043,0.0,1.0,-6.867,BROKEN_CHART_QUALITY_RECOVERY,2022-09-30,,341.7698,False,MLM
,TECHNICAL_NATIVE,8,2022-10-03,1344,BUY_FULL,NEXT_OPEN,325.03,quality_dislocation,0,1,2022-10-13,1352,304.2468,STOP_LOSS_EXIT,short_term,304.2468,-8.1346,BEAR_RISK_OFF,-163.7743,3.9043,0.0,1.0,-6.3942,BROKEN_CHART_QUALITY_RECOVERY,2022-09-30,,340.6174,False,MLM
,TECHNICAL_NATIVE,3,2022-10-10,1349,BUY_FULL,NEXT_OPEN,322.51,quality_dislocation,0,1,2022-10-13,1352,302.7102,STOP_LOSS_EXIT,medium_term,302.7102,-7.4168,BEAR_RISK_OFF,,0.0,0.0,1.0,-6.1393,BROKEN_CHART_QUALITY_RECOVERY,2022-10-07,,337.3599,False,MLM
,TECHNICAL_NATIVE,3,2022-10-10,1349,BUY_FULL,NEXT_OPEN,322.51,quality_dislocation,0,1,2022-10-13,1352,304.2468,STOP_LOSS_EXIT,short_term,304.2468,-7.4168,BEAR_RISK_OFF,,0.0,0.0,1.0,-5.6628,BROKEN_CHART_QUALITY_RECOVERY,2022-10-07,,336.2074,False,MLM
,TECHNICAL_NATIVE,8,2018-11-01,359,BUY_STARTER,NEXT_OPEN,69.8,quality_dislocation,0,1,2018-11-13,367,65.2957,STOP_LOSS_EXIT,medium_term,65.2957,-8.8109,BEAR_RISK_OFF,-140.7603,4.5845,0.0,0.5,-6.4532,BROKEN_CHART_QUALITY_RECOVERY,2018-10-31,,73.1783,False,MPC
,TECHNICAL_NATIVE,2,2018-11-01,359,BUY_STARTER,NEXT_OPEN,69.8,quality_dislocation,0,3,2018-11-05,361,69.8,TRAILING_STOP_EXIT,short_term,65.6271,-1.3754,BEAR_RISK_OFF,24.4509,4.5845,25.0,0.5,1.121,BROKEN_CHART_QUALITY_RECOVERY,2018-10-31,,72.9297,True,MPC
,TECHNICAL_NATIVE,8,2018-11-23,374,BUY_STARTER,NEXT_OPEN,62.53,quality_dislocation,0,3,2018-12-06,382,62.53,STOP_LOSS_EXIT,medium_term,59.7304,-1.1674,BEAR_RISK_OFF,12.0672,6.9567,25.0,0.5,0.8395,BROKEN_CHART_QUALITY_RECOVERY,2018-11-21,,64.6297,True,MPC
,TECHNICAL_NATIVE,3,2018-11-23,374,BUY_STARTER,NEXT_OPEN,62.53,quality_dislocation,0,3,2018-11-28,377,62.53,TRAILING_STOP_EXIT,short_term,60.0336,-0.1759,BEAR_RISK_OFF,15.5506,4.8137,25.0,0.5,0.7486,BROKEN_CHART_QUALITY_RECOVERY,2018-11-21,,64.4023,True,MPC
HIGH_ATR_CAP,TECHNICAL_NATIVE,141,2025-04-15,1979,BUY_STARTER,NEXT_OPEN,124.04,quality_dislocation,0,3,2025-11-05,2120,186.18,MAX_SIM_WINDOW_EXIT,medium_term,113.3735,-1.0642,BEAR_RISK_OFF,62.6595,62.5363,25.0,0.25,39.1849,BROKEN_CHART_QUALITY_RECOVERY,2025-04-14,,132.0399,True,MPC
HIGH_ATR_CAP,TECHNICAL_NATIVE,62,2025-04-15,1979,BUY_STARTER,NEXT_OPEN,124.04,quality_dislocation,0,3,2025-07-16,2041,171.7643,TRAILING_STOP_EXIT,short_term,113.949,-1.0642,BEAR_RISK_OFF,63.8084,47.6137,25.0,0.25,30.3816,BROKEN_CHART_QUALITY_RECOVERY,2025-04-14,,131.6083,True,MPC
HIGH_ATR_CAP,TECHNICAL_NATIVE,28,2022-03-14,821,BUY_STARTER,NEXT_OPEN,140.2,quality_dislocation,0,3,2022-04-22,849,140.2,STOP_LOSS_EXIT,medium_term,120.1799,-0.2389,BEAR_RISK_OFF,7.8531,34.0942,25.0,0.25,2.6774,BROKEN_CHART_QUALITY_RECOVERY,2022-03-11,,155.2151,True,MRNA
HIGH_ATR_CAP,TECHNICAL_NATIVE,17,2022-03-14,821,BUY_STARTER,NEXT_OPEN,140.2,quality_dislocation,0,3,2022-04-06,838,153.1994,TRAILING_STOP_EXIT,short_term,120.7899,0.0,BEAR_RISK_OFF,28.0103,34.0942,25.0,0.25,9.5499,BROKEN_CHART_QUALITY_RECOVERY,2022-03-11,,154.7576,True,MRNA
,TECHNICAL_NATIVE,8,2022-10-10,966,BUY_FULL,NEXT_OPEN,119.32,quality_dislocation,0,3,2022-10-20,974,119.32,STOP_LOSS_EXIT,medium_term,113.3045,-0.8465,BEAR_RISK_OFF,5.0921,18.5635,25.0,1.0,0.9453,BROKEN_CHART_QUALITY_RECOVERY,2022-10-07,,123.8316,True,MRNA
,TECHNICAL_NATIVE,8,2022-10-10,966,BUY_FULL,NEXT_OPEN,119.32,quality_dislocation,0,3,2022-10-20,974,121.3361,TRAILING_STOP_EXIT,short_term,113.8797,-0.8465,BEAR_RISK_OFF,11.4319,18.5635,25.0,1.0,2.1222,BROKEN_CHART_QUALITY_RECOVERY,2022-10-07,,123.4002,True,MRNA
HIGH_ATR_CAP,TECHNICAL_NATIVE,25,2025-04-15,1596,BUY_STARTER,NEXT_OPEN,26.82,quality_dislocation,0,3,2025-05-21,1621,26.82,STOP_LOSS_EXIT,medium_term,22.8027,-13.6652,BEAR_RISK_OFF,21.6444,12.9754,25.0,0.25,2.8084,BROKEN_CHART_QUALITY_RECOVERY,2025-04-14,,29.8329,True,MRNA
HIGH_ATR_CAP,TECHNICAL_NATIVE,25,2025-04-15,1596,BUY_STARTER,NEXT_OPEN,26.82,quality_dislocation,0,3,2025-05-21,1621,26.82,TRAILING_STOP_EXIT,short_term,22.9185,-13.6652,BEAR_RISK_OFF,21.0208,12.9754,25.0,0.25,2.7275,BROKEN_CHART_QUALITY_RECOVERY,2025-04-14,,29.7461,True,MRNA
,TECHNICAL_NATIVE,9,2025-04-23,1984,BUY_STARTER,NEXT_OPEN,78.5,quality_dislocation,0,3,2025-05-06,1993,78.5,STOP_LOSS_EXIT,medium_term,74.7911,-3.1465,BEAR_RISK_OFF,9.4874,9.3376,25.0,0.5,0.8859,BROKEN_CHART_QUALITY_RECOVERY,2025-04-22,,81.2817,True,MRK
,TECHNICAL_NATIVE,9,2025-04-23,1984,BUY_STARTER,NEXT_OPEN,78.5,quality_dislocation,0,3,2025-05-06,1993,78.7714,TRAILING_STOP_EXIT,short_term,75.1707,-3.1465,BEAR_RISK_OFF,11.2936,9.3376,25.0,0.5,1.0546,BROKEN_CHART_QUALITY_RECOVERY,2025-04-22,,80.997,True,MRK
HIGH_ATR_CAP,TECHNICAL_NATIVE,7,2018-11-01,359,BUY_STARTER,NEXT_OPEN,37.98,quality_dislocation,0,3,2018-11-12,366,37.98,STOP_LOSS_EXIT,medium_term,33.5909,-3.0016,BEAR_RISK_OFF,23.8537,9.0837,25.0,0.25,2.1668,BROKEN_CHART_QUALITY_RECOVERY,2018-10-31,,41.2718,True,MU
HIGH_ATR_CAP,TECHNICAL_NATIVE,7,2018-11-01,359,BUY_STARTER,NEXT_OPEN,37.98,quality_dislocation,0,3,2018-11-12,366,37.98,TRAILING_STOP_EXIT,short_term,33.4818,-3.0016,BEAR_RISK_OFF,24.4465,9.0837,25.0,0.25,2.2206,BROKEN_CHART_QUALITY_RECOVERY,2018-10-31,,41.3536,True,MU
HIGH_ATR_CAP,TECHNICAL_NATIVE,141,2019-01-02,399,BUY_STARTER,NEXT_OPEN,31.0,quality_dislocation,0,3,2019-07-25,540,47.77,MAX_SIM_WINDOW_EXIT,medium_term,27.9641,-0.4516,BEAR_RISK_OFF,74.2753,57.0968,25.0,0.25,42.4088,BROKEN_CHART_QUALITY_RECOVERY,2018-12-31,,33.2769,True,MU
HIGH_ATR_CAP,TECHNICAL_NATIVE,42,2019-01-02,399,BUY_STARTER,NEXT_OPEN,31.0,quality_dislocation,0,3,2019-03-05,441,39.5714,TRAILING_STOP_EXIT,short_term,28.1061,-0.4516,BEAR_RISK_OFF,53.6657,41.9032,25.0,0.25,22.4877,BROKEN_CHART_QUALITY_RECOVERY,2018-12-31,,33.1704,True,MU
,TECHNICAL_NATIVE,1,2022-04-26,1234,BUY_FULL,NEXT_OPEN,68.69,quality_dislocation,0,1,2022-04-27,1235,66.0344,STOP_LOSS_EXIT,medium_term,66.0344,-4.12,BEAR_RISK_OFF,,0.0,0.0,1.0,-3.8661,BROKEN_CHART_QUALITY_RECOVERY,2022-04-25,,70.6817,False,MU
,TECHNICAL_NATIVE,1,2022-04-26,1234,BUY_FULL,NEXT_OPEN,68.69,quality_dislocation,0,1,2022-04-27,1235,66.3696,STOP_LOSS_EXIT,short_term,66.3696,-4.12,BEAR_RISK_OFF,,0.0,0.0,1.0,-3.3781,BROKEN_CHART_QUALITY_RECOVERY,2022-04-25,,70.4303,False,MU
,TECHNICAL_NATIVE,5,2022-10-03,1344,BUY_STARTER,NEXT_OPEN,51.01,quality_dislocation,0,3,2022-10-10,1349,51.01,STOP_LOSS_EXIT,medium_term,47.7233,-0.4705,BEAR_RISK_OFF,14.7082,8.2141,25.0,0.5,1.2081,BROKEN_CHART_QUALITY_RECOVERY,2022-09-30,,53.4751,True,MU
,TECHNICAL_NATIVE,5,2022-10-03,1344,BUY_STARTER,NEXT_OPEN,51.01,quality_dislocation,0,3,2022-10-10,1349,51.01,TRAILING_STOP_EXIT,short_term,47.9655,-0.4705,BEAR_RISK_OFF,13.6241,8.2141,25.0,0.5,1.1191,BROKEN_CHART_QUALITY_RECOVERY,2022-09-30,,53.2934,True,MU
HIGH_ATR_CAP,TECHNICAL_NATIVE,141,2025-04-15,1979,BUY_STARTER,NEXT_OPEN,71.12,quality_dislocation,0,3,2025-11-05,2120,237.5,MAX_SIM_WINDOW_EXIT,medium_term,60.6169,-7.6912,BEAR_RISK_OFF,75.1092,237.2891,25.0,0.25,178.226,BROKEN_CHART_QUALITY_RECOVERY,2025-04-14,,78.9973,True,MU
HIGH_ATR_CAP,TECHNICAL_NATIVE,60,2025-04-15,1979,BUY_STARTER,NEXT_OPEN,71.12,quality_dislocation,0,3,2025-07-14,2039,117.8414,TRAILING_STOP_EXIT,short_term,60.9246,-7.6912,BEAR_RISK_OFF,62.9197,82.5787,25.0,0.25,51.9583,BROKEN_CHART_QUALITY_RECOVERY,2025-04-14,,78.7666,True,MU
HIGH_ATR_CAP,TECHNICAL_NATIVE,141,2025-04-23,1984,BUY_FULL,NEXT_OPEN,73.69,quality_dislocation,0,3,2025-11-12,2125,244.9,MAX_SIM_WINDOW_EXIT,medium_term,62.5672,-0.2578,BEAR_RISK_OFF,71.1599,248.8533,25.0,0.5,177.0837,BROKEN_CHART_QUALITY_RECOVERY,2025-04-22,,82.0321,True,MU
HIGH_ATR_CAP,TECHNICAL_NATIVE,55,2025-04-23,1984,BUY_FULL,NEXT_OPEN,73.69,quality_dislocation,0,3,2025-07-14,2039,117.8414,TRAILING_STOP_EXIT,short_term,62.8848,-0.2578,BEAR_RISK_OFF,62.5704,76.2112,25.0,0.5,47.6856,BROKEN_CHART_QUALITY_RECOVERY,2025-04-22,,81.7939,True,MU
HIGH_ATR_CAP,TECHNICAL_NATIVE,1,2020-03-19,704,BUY_FULL,NEXT_OPEN,52.5025,quality_dislocation,0,1,2020-03-20,705,48.3537,STOP_LOSS_EXIT,medium_term,48.3537,-11.0233,BEAR_RISK_OFF,,0.0,0.0,0.5,-7.9021,BROKEN_CHART_QUALITY_RECOVERY,2020-03-18,,55.6141,False,NEE
HIGH_ATR_CAP,TECHNICAL_NATIVE,1,2020-03-19,704,BUY_FULL,NEXT_OPEN,52.5025,quality_dislocation,0,1,2020-03-20,705,48.5991,STOP_LOSS_EXIT,short_term,48.5991,-11.0233,BEAR_RISK_OFF,,0.0,0.0,0.5,-7.4347,BROKEN_CHART_QUALITY_RECOVERY,2020-03-18,,55.43,False,NEE
HIGH_ATR_CAP,TECHNICAL_NATIVE,141,2020-03-26,709,BUY_STARTER,NEXT_OPEN,52.725,quality_dislocation,0,3,2020-10-15,850,74.615,MAX_SIM_WINDOW_EXIT,medium_term,43.0445,0.0,BEAR_RISK_OFF,75.0622,46.0692,25.0,0.25,34.5806,BROKEN_CHART_QUALITY_RECOVERY,2020-03-25,,59.9854,True,NEE
HIGH_ATR_CAP,TECHNICAL_NATIVE,25,2020-03-26,709,BUY_STARTER,NEXT_OPEN,52.725,quality_dislocation,0,3,2020-05-01,734,56.4936,TRAILING_STOP_EXIT,short_term,43.263,0.0,BEAR_RISK_OFF,46.0401,18.9521,25.0,0.25,8.7256,BROKEN_CHART_QUALITY_RECOVERY,2020-03-25,,59.8215,True,NEE
,TECHNICAL_NATIVE,1,2022-02-18,1189,BUY_FULL,NEXT_OPEN,143.37,quality_dislocation,0,1,2022-02-22,1190,137.4666,STOP_LOSS_EXIT,medium_term,137.4666,-5.0289,BEAR_RISK_OFF,,0.0,0.0,1.0,-4.1176,BROKEN_CHART_QUALITY_RECOVERY,2022-02-17,,147.7975,False,NKE
,TECHNICAL_NATIVE,1,2022-02-18,1189,BUY_FULL,NEXT_OPEN,143.37,quality_dislocation,0,1,2022-02-22,1190,138.1644,STOP_LOSS_EXIT,short_term,138.1644,-5.0289,BEAR_RISK_OFF,,0.0,0.0,1.0,-3.6309,BROKEN_CHART_QUALITY_RECOVERY,2022-02-17,,147.2742,False,NKE
,TECHNICAL_NATIVE,6,2022-05-17,1249,BUY_STARTER,NEXT_OPEN,115.5,quality_dislocation,0,1,2022-05-25,1255,103.7968,STOP_LOSS_EXIT,medium_term,103.7968,-10.4242,BEAR_RISK_OFF,,0.0,0.0,0.5,-10.1326,BROKEN_CHART_QUALITY_RECOVERY,2022-05-16,,124.2774,False,NKE
,TECHNICAL_NATIVE,6,2022-05-17,1249,BUY_STARTER,NEXT_OPEN,115.5,quality_dislocation,0,1,2022-05-25,1255,103.95,STOP_LOSS_EXIT,short_term,103.95,-10.4242,BEAR_RISK_OFF,,0.0,0.0,0.5,-10.0,BROKEN_CHART_QUALITY_RECOVERY,2022-05-16,,124.1625,False,NKE
,TECHNICAL_NATIVE,8,2022-06-30,1279,BUY_STARTER,NEXT_OPEN,101.94,quality_dislocation,0,3,2022-07-13,1287,101.94,STOP_LOSS_EXIT,medium_term,99.2683,-2.3641,BEAR_RISK_OFF,7.5104,6.5431,25.0,0.5,0.4914,BROKEN_CHART_QUALITY_RECOVERY,2022-06-29,,103.9438,True,NKE
,TECHNICAL_NATIVE,1,2022-06-30,1279,BUY_STARTER,NEXT_OPEN,101.94,quality_dislocation,0,1,2022-07-01,1280,99.7722,STOP_LOSS_EXIT,short_term,99.7722,-2.3641,BEAR_RISK_OFF,-387.1377,0.5493,0.0,0.5,-2.1265,BROKEN_CHART_QUALITY_RECOVERY,2022-06-29,,103.5659,False,NKE
,TECHNICAL_NATIVE,13,2022-10-17,1354,BUY_FULL,NEXT_OPEN,89.53,quality_dislocation,0,3,2022-11-03,1367,89.53,STOP_LOSS_EXIT,medium_term,80.9867,-3.6747,BEAR_RISK_OFF,23.1152,7.7404,25.0,1.0,1.7892,BROKEN_CHART_QUALITY_RECOVERY,2022-10-14,,95.9375,True,NKE
,TECHNICAL_NATIVE,13,2022-10-17,1354,BUY_FULL,NEXT_OPEN,89.53,quality_dislocation,0,3,2022-11-03,1367,89.53,TRAILING_STOP_EXIT,short_term,81.3978,-3.6747,BEAR_RISK_OFF,22.0026,7.7404,25.0,1.0,1.7031,BROKEN_CHART_QUALITY_RECOVERY,2022-10-14,,95.6291,True,NKE
,TECHNICAL_NATIVE,141,2022-10-24,1359,BUY_FULL,NEXT_OPEN,87.79,quality_dislocation,0,3,2023-05-17,1500,116.98,MAX_SIM_WINDOW_EXIT,medium_term,83.7939,0.0,BEAR_RISK_OFF,52.0261,49.5728,25.0,1.0,25.7908,BROKEN_CHART_QUALITY_RECOVERY,2022-10-21,,90.787,True,NKE
,TECHNICAL_NATIVE,37,2022-10-24,1359,BUY_FULL,NEXT_OPEN,87.79,quality_dislocation,0,3,2022-12-15,1396,107.9043,TRAILING_STOP_EXIT,short_term,84.2193,0.0,BEAR_RISK_OFF,54.9728,32.6461,25.0,1.0,17.9465,BROKEN_CHART_QUALITY_RECOVERY,2022-10-21,,90.468,True,NKE
HIGH_ATR_CAP,TECHNICAL_NATIVE,141,2025-04-23,1984,BUY_FULL,NEXT_OPEN,59.0,quality_dislocation,0,3,2025-11-12,2125,64.2,MAX_SIM_WINDOW_EXIT,medium_term,51.4958,-7.2034,BEAR_RISK_OFF,25.0687,35.8814,25.0,0.5,8.995,BROKEN_CHART_QUALITY_RECOVERY,2025-04-22,,64.6282,True,NKE
HIGH_ATR_CAP,TECHNICAL_NATIVE,38,2025-04-23,1984,BUY_FULL,NEXT_OPEN,59.0,quality_dislocation,0,3,2025-06-17,2022,59.7843,TRAILING_STOP_EXIT,short_term,51.7572,-7.2034,BEAR_RISK_OFF,33.2689,9.9153,25.0,0.5,3.2987,BROKEN_CHART_QUALITY_RECOVERY,2025-04-22,,64.4321,True,NKE
,TECHNICAL_NATIVE,5,2018-12-10,384,BUY_STARTER,NEXT_OPEN,260.61,quality_dislocation,0,3,2018-12-17,389,260.61,STOP_LOSS_EXIT,medium_term,243.2561,-1.8342,BEAR_RISK_OFF,17.6649,7.068,25.0,0.5,1.2486,BROKEN_CHART_QUALITY_RECOVERY,2018-12-07,,273.6254,True,NOC
,TECHNICAL_NATIVE,5,2018-12-10,384,BUY_STARTER,NEXT_OPEN,260.61,quality_dislocation,0,3,2018-12-17,389,260.61,TRAILING_STOP_EXIT,short_term,243.1143,-1.8342,BEAR_RISK_OFF,17.8091,7.068,25.0,0.5,1.2588,BROKEN_CHART_QUALITY_RECOVERY,2018-12-07,,273.7317,True,NOC
,TECHNICAL_NATIVE,141,2019-01-02,399,BUY_FULL,NEXT_OPEN,241.17,quality_dislocation,0,3,2019-07-25,540,354.72,MAX_SIM_WINDOW_EXIT,medium_term,222.6638,-1.19,BEAR_RISK_OFF,75.2461,48.8411,25.0,1.0,36.751,BROKEN_CHART_QUALITY_RECOVERY,2018-12-31,,255.0497,True,NOC
,TECHNICAL_NATIVE,43,2019-01-02,399,BUY_FULL,NEXT_OPEN,241.17,quality_dislocation,0,3,2019-03-06,442,280.6793,TRAILING_STOP_EXIT,short_term,221.3937,-1.19,BEAR_RISK_OFF,66.1772,20.8898,25.0,1.0,13.8243,BROKEN_CHART_QUALITY_RECOVERY,2018-12-31,,256.0022,True,NOC
HIGH_ATR_CAP,TECHNICAL_NATIVE,141,2020-03-26,709,BUY_STARTER,NEXT_OPEN,54.8256,quality_dislocation,0,1,2020-10-15,850,58.5368,MAX_SIM_WINDOW_EXIT,medium_term,37.963,-23.2768,BEAR_RISK_OFF,37.4756,18.0629,0.0,0.25,6.7692,BROKEN_CHART_QUALITY_RECOVERY,2020-03-25,,67.4725,False,O
HIGH_ATR_CAP,TECHNICAL_NATIVE,75,2020-03-26,709,BUY_STARTER,NEXT_OPEN,54.8256,quality_dislocation,0,1,2020-07-14,784,55.7655,MAX_SIM_WINDOW_EXIT,short_term,36.4535,-23.2768,BEAR_RISK_OFF,10.8018,15.8713,0.0,0.25,1.7144,BROKEN_CHART_QUALITY_RECOVERY,2020-03-25,,68.6047,False,O
,TECHNICAL_NATIVE,141,2022-10-24,1359,BUY_STARTER,NEXT_OPEN,58.28,quality_dislocation,0,3,2023-05-17,1500,60.65,MAX_SIM_WINDOW_EXIT,medium_term,54.8745,0.0,BEAR_RISK_OFF,22.8576,18.1366,25.0,0.5,4.1456,BROKEN_CHART_QUALITY_RECOVERY,2022-10-21,,60.8342,True,O
,TECHNICAL_NATIVE,24,2022-10-24,1359,BUY_STARTER,NEXT_OPEN,58.28,quality_dislocation,0,3,2022-11-28,1383,62.5393,TRAILING_STOP_EXIT,short_term,54.945,0.0,BEAR_RISK_OFF,50.26,13.0405,25.0,0.5,6.5542,BROKEN_CHART_QUALITY_RECOVERY,2022-10-21,,60.7812,True,O
,TECHNICAL_NATIVE,141,2023-10-30,1614,BUY_FULL,NEXT_OPEN,47.5,quality_dislocation,0,3,2024-05-22,1755,53.72,MAX_SIM_WINDOW_EXIT,medium_term,45.0587,-3.3053,BEAR_RISK_OFF,41.5468,25.9579,25.0,1.0,10.7847,BROKEN_CHART_QUALITY_RECOVERY,2023-10-27,,49.3309,True,O
,TECHNICAL_NATIVE,28,2023-10-30,1614,BUY_FULL,NEXT_OPEN,47.5,quality_dislocation,0,3,2023-12-08,1642,53.6107,TRAILING_STOP_EXIT,short_term,44.7875,-3.3053,BEAR_RISK_OFF,56.8898,18.8421,25.0,1.0,10.7192,BROKEN_CHART_QUALITY_RECOVERY,2023-10-27,,49.5344,True,O
HIGH_ATR_CAP,TECHNICAL_NATIVE,141,2020-03-26,709,BUY_STARTER,NEXT_OPEN,31.46,quality_dislocation,0,3,2020-10-15,850,49.26,MAX_SIM_WINDOW_EXIT,medium_term,27.1171,0.0,BEAR_RISK_OFF,76.5224,58.8366,25.0,0.25,45.0232,BROKEN_CHART_QUALITY_RECOVERY,2020-03-25,,34.7172,True,NUE
HIGH_ATR_CAP,TECHNICAL_NATIVE,33,2020-03-26,709,BUY_STARTER,NEXT_OPEN,31.46,quality_dislocation,0,3,2020-05-13,742,37.9779,TRAILING_STOP_EXIT,short_term,27.2547,0.0,BEAR_RISK_OFF,49.2359,36.6497,25.0,0.25,18.0448,BROKEN_CHART_QUALITY_RECOVERY,2020-03-25,,34.614,True,NUE
HIGH_ATR_CAP,TECHNICAL_NATIVE,141,2022-01-28,1174,BUY_STARTER,NEXT_OPEN,97.9,quality_dislocation,0,3,2022-08-22,1315,135.41,MAX_SIM_WINDOW_EXIT,medium_term,87.1725,0.0,BEAR_RISK_OFF,33.4932,91.9305,25.0,0.25,30.7905,BROKEN_CHART_QUALITY_RECOVERY,2022-01-27,,105.9456,True,NUE
HIGH_ATR_CAP,TECHNICAL_NATIVE,58,2022-01-28,1174,BUY_STARTER,NEXT_OPEN,97.9,quality_dislocation,0,3,2022-04-22,1232,167.8643,TRAILING_STOP_EXIT,short_term,87.615,0.0,BEAR_RISK_OFF,60.4463,91.9305,25.0,0.25,55.5686,BROKEN_CHART_QUALITY_RECOVERY,2022-01-27,,105.6138,True,NUE
HIGH_ATR_CAP,TECHNICAL_NATIVE,26,2025-04-15,1979,BUY_STARTER,NEXT_OPEN,110.34,quality_dislocation,0,3,2025-05-22,2005,110.34,STOP_LOSS_EXIT,medium_term,96.1261,-4.0058,BEAR_RISK_OFF,19.5819,12.3346,25.0,0.25,2.4154,BROKEN_CHART_QUALITY_RECOVERY,2025-04-14,,121.0004,True,NUE
HIGH_ATR_CAP,TECHNICAL_NATIVE,25,2025-04-15,1979,BUY_STARTER,NEXT_OPEN,110.34,quality_dislocation,0,3,2025-05-21,2004,114.395,TRAILING_STOP_EXIT,short_term,96.6141,-4.0058,BEAR_RISK_OFF,41.2553,12.3346,25.0,0.25,5.0887,BROKEN_CHART_QUALITY_RECOVERY,2025-04-14,,120.6344,True,NUE
HIGH_ATR_CAP,TECHNICAL_NATIVE,18,2025-04-23,1984,BUY_FULL,NEXT_OPEN,113.59,quality_dislocation,0,3,2025-05-19,2002,113.59,STOP_LOSS_EXIT,medium_term,100.0268,-2.0776,BEAR_RISK_OFF,24.5474,9.1205,25.0,0.5,2.2388,BROKEN_CHART_QUALITY_RECOVERY,2025-04-22,,123.7624,True,NUE
HIGH_ATR_CAP,TECHNICAL_NATIVE,18,2025-04-23,1984,BUY_FULL,NEXT_OPEN,113.59,quality_dislocation,0,3,2025-05-19,2002,113.59,TRAILING_STOP_EXIT,short_term,100.5345,-2.0776,BEAR_RISK_OFF,23.6284,9.1205,25.0,0.5,2.155,BROKEN_CHART_QUALITY_RECOVERY,2025-04-22,,123.3816,True,NUE
HIGH_ATR_CAP,TECHNICAL_NATIVE,141,2020-03-26,709,BUY_FULL,NEXT_OPEN,20.0,quality_dislocation,0,3,2020-10-15,850,31.3,MAX_SIM_WINDOW_EXIT,medium_term,16.5165,-5.47,BEAR_RISK_OFF,72.8504,62.65,25.0,0.5,45.6407,BROKEN_CHART_QUALITY_RECOVERY,2020-03-25,,22.6126,True,ORLY
HIGH_ATR_CAP,TECHNICAL_NATIVE,75,2020-03-26,709,BUY_FULL,NEXT_OPEN,20.0,quality_dislocation,0,3,2020-07-14,784,28.5267,MAX_SIM_WINDOW_EXIT,short_term,16.6003,-5.47,BEAR_RISK_OFF,78.5047,44.79,25.0,0.5,35.1622,BROKEN_CHART_QUALITY_RECOVERY,2020-03-25,,22.5498,True,ORLY
,TECHNICAL_NATIVE,2,2018-12-17,389,BUY_STARTER,NEXT_OPEN,64.82,quality_dislocation,0,1,2018-12-19,391,61.6314,STOP_LOSS_EXIT,medium_term,61.6314,-5.091,BEAR_RISK_OFF,,0.0,0.0,0.5,-4.9192,BROKEN_CHART_QUALITY_RECOVERY,2018-12-14,,67.2114,False,OXY
,TECHNICAL_NATIVE,2,2018-12-17,389,BUY_STARTER,NEXT_OPEN,64.82,quality_dislocation,0,1,2018-12-19,391,61.9443,STOP_LOSS_EXIT,short_term,61.9443,-5.091,BEAR_RISK_OFF,,0.0,0.0,0.5,-4.4364,BROKEN_CHART_QUALITY_RECOVERY,2018-12-14,,66.9768,False,OXY
,TECHNICAL_NATIVE,77,2019-01-02,399,BUY_STARTER,NEXT_OPEN,60.52,quality_dislocation,0,3,2019-04-24,476,60.52,STOP_LOSS_EXIT,medium_term,55.9776,-1.2558,BEAR_RISK_OFF,10.2491,13.731,25.0,0.5,1.4073,BROKEN_CHART_QUALITY_RECOVERY,2018-12-31,,63.9268,True,OXY
,TECHNICAL_NATIVE,26,2019-01-02,399,BUY_STARTER,NEXT_OPEN,60.52,quality_dislocation,0,3,2019-02-08,425,64.3514,TRAILING_STOP_EXIT,short_term,56.2617,0.0,BEAR_RISK_OFF,47.6264,12.7396,25.0,0.5,6.0674,BROKEN_CHART_QUALITY_RECOVERY,2018-12-31,,63.7137,True,OXY
,TECHNICAL_NATIVE,5,2022-10-03,1344,BUY_STARTER,NEXT_OPEN,83.0,quality_dislocation,0,3,2022-10-10,1349,83.0,STOP_LOSS_EXIT,medium_term,79.0659,-2.6446,BEAR_RISK_OFF,11.3481,7.8313,25.0,0.5,0.8887,BROKEN_CHART_QUALITY_RECOVERY,2022-09-30,,85.9505,True,PANW
,TECHNICAL_NATIVE,5,2022-10-03,1344,BUY_STARTER,NEXT_OPEN,83.0,quality_dislocation,0,3,2022-10-10,1349,83.0,TRAILING_STOP_EXIT,short_term,79.4673,-2.6446,BEAR_RISK_OFF,10.1904,7.8313,25.0,0.5,0.798,BROKEN_CHART_QUALITY_RECOVERY,2022-09-30,,85.6495,True,PANW
HIGH_ATR_CAP,TECHNICAL_NATIVE,141,2020-03-26,709,BUY_STARTER,NEXT_OPEN,41.07,quality_dislocation,0,3,2020-10-15,850,58.45,MAX_SIM_WINDOW_EXIT,medium_term,34.2287,0.0,BEAR_RISK_OFF,80.3915,43.365,25.0,0.25,34.8618,BROKEN_CHART_QUALITY_RECOVERY,2020-03-25,,46.2009,True,PEG
HIGH_ATR_CAP,TECHNICAL_NATIVE,25,2020-03-26,709,BUY_STARTER,NEXT_OPEN,41.07,quality_dislocation,0,3,2020-05-01,734,49.0414,TRAILING_STOP_EXIT,short_term,34.4025,0.0,BEAR_RISK_OFF,52.382,33.6012,25.0,0.25,17.601,BROKEN_CHART_QUALITY_RECOVERY,2020-03-25,,46.0706,True,PEG
HIGH_ATR_CAP,TECHNICAL_NATIVE,141,2020-04-02,714,BUY_STARTER,NEXT_OPEN,42.34,quality_dislocation,0,3,2020-10-22,855,60.87,MAX_SIM_WINDOW_EXIT,medium_term,34.2287,0.0,BEAR_RISK_OFF,83.1178,43.812,25.0,0.25,36.4156,BROKEN_CHART_QUALITY_RECOVERY,2020-04-01,,48.4234,True,PEG
HIGH_ATR_CAP,TECHNICAL_NATIVE,20,2020-04-02,714,BUY_STARTER,NEXT_OPEN,42.34,quality_dislocation,0,3,2020-05-01,734,49.0414,TRAILING_STOP_EXIT,short_term,34.4025,0.0,BEAR_RISK_OFF,51.9899,29.5938,25.0,0.25,15.3858,BROKEN_CHART_QUALITY_RECOVERY,2020-04-01,,48.2931,True,PEG
,TECHNICAL_NATIVE,141,2022-10-24,1359,BUY_STARTER,NEXT_OPEN,55.15,quality_dislocation,0,3,2023-05-17,1500,61.53,MAX_SIM_WINDOW_EXIT,medium_term,51.7223,-0.0363,BEAR_RISK_OFF,57.3142,17.1714,25.0,0.5,9.8417,BROKEN_CHART_QUALITY_RECOVERY,2022-10-21,,57.7207,True,PEG
,TECHNICAL_NATIVE,38,2022-10-24,1359,BUY_STARTER,NEXT_OPEN,55.15,quality_dislocation,0,3,2022-12-16,1397,58.9307,TRAILING_STOP_EXIT,short_term,51.9849,-0.0363,BEAR_RISK_OFF,47.4927,13.0916,25.0,0.5,6.2176,BROKEN_CHART_QUALITY_RECOVERY,2022-10-21,,57.5238,True,PEG
,TECHNICAL_NATIVE,6,2022-09-02,1324,BUY_STARTER,NEXT_OPEN,46.74,quality_dislocation,0,3,2022-09-13,1330,46.74,STOP_LOSS_EXIT,medium_term,44.6507,-2.9097,BEAR_RISK_OFF,24.3322,3.4446,25.0,0.5,0.8381,BROKEN_CHART_QUALITY_RECOVERY,2022-09-01,,48.307,True,PFE
,TECHNICAL_NATIVE,6,2022-09-02,1324,BUY_STARTER,NEXT_OPEN,46.74,quality_dislocation,0,3,2022-09-13,1330,46.74,TRAILING_STOP_EXIT,short_term,44.6787,-2.9097,BEAR_RISK_OFF,24.0061,3.4446,25.0,0.5,0.8269,BROKEN_CHART_QUALITY_RECOVERY,2022-09-01,,48.286,True,PFE
,TECHNICAL_NATIVE,72,2022-10-17,1354,BUY_FULL,NEXT_OPEN,43.19,quality_dislocation,0,3,2023-01-31,1426,43.19,STOP_LOSS_EXIT,medium_term,41.0236,-1.1345,BEAR_RISK_OFF,3.46,27.1822,25.0,1.0,0.9405,BROKEN_CHART_QUALITY_RECOVERY,2022-10-14,,44.8148,True,PFE
,TECHNICAL_NATIVE,43,2022-10-17,1354,BUY_FULL,NEXT_OPEN,43.19,quality_dislocation,0,3,2022-12-16,1397,51.4521,TRAILING_STOP_EXIT,short_term,41.0355,-1.0419,BEAR_RISK_OFF,56.2231,27.1822,25.0,1.0,15.2827,BROKEN_CHART_QUALITY_RECOVERY,2022-10-14,,44.8059,True,PFE
,TECHNICAL_NATIVE,10,2025-04-23,1984,BUY_FULL,NEXT_OPEN,22.78,quality_dislocation,0,3,2025-05-07,1994,22.78,STOP_LOSS_EXIT,medium_term,20.7438,-2.4144,BEAR_RISK_OFF,23.0,7.2871,25.0,1.0,1.676,BROKEN_CHART_QUALITY_RECOVERY,2025-04-22,,24.3072,True,PFE
,TECHNICAL_NATIVE,10,2025-04-23,1984,BUY_FULL,NEXT_OPEN,22.78,quality_dislocation,0,3,2025-05-07,1994,22.78,TRAILING_STOP_EXIT,short_term,20.7108,-2.4144,BEAR_RISK_OFF,23.372,7.2871,25.0,1.0,1.7031,BROKEN_CHART_QUALITY_RECOVERY,2025-04-22,,24.3319,True,PFE
,TECHNICAL_NATIVE,141,2019-01-02,399,BUY_FULL,NEXT_OPEN,146.77,quality_dislocation,0,3,2019-07-25,540,177.29,MAX_SIM_WINDOW_EXIT,medium_term,138.7077,-2.0236,BEAR_RISK_OFF,55.2075,30.1151,25.0,1.0,16.6258,BROKEN_CHART_QUALITY_RECOVERY,2018-12-31,,152.8167,True,PH
,TECHNICAL_NATIVE,44,2019-01-02,399,BUY_FULL,NEXT_OPEN,146.77,quality_dislocation,0,3,2019-03-07,443,169.8964,TRAILING_STOP_EXIT,short_term,139.4118,-2.0236,BEAR_RISK_OFF,59.0679,21.5984,25.0,1.0,12.7577,BROKEN_CHART_QUALITY_RECOVERY,2018-12-31,,152.2887,True,PH
HIGH_ATR_CAP,TECHNICAL_NATIVE,141,2020-03-26,709,BUY_STARTER,NEXT_OPEN,128.91,quality_dislocation,0,3,2020-10-15,850,222.66,MAX_SIM_WINDOW_EXIT,medium_term,91.605,-11.7214,BEAR_RISK_OFF,82.3994,72.7795,25.0,0.25,59.9699,BROKEN_CHART_QUALITY_RECOVERY,2020-03-25,,156.8888,True,PH
HIGH_ATR_CAP,TECHNICAL_NATIVE,34,2020-03-26,709,BUY_STARTER,NEXT_OPEN,128.91,quality_dislocation,0,3,2020-05-14,743,140.3357,TRAILING_STOP_EXIT,short_term,92.07,-11.7214,BEAR_RISK_OFF,45.8979,26.1578,25.0,0.25,12.0059,BROKEN_CHART_QUALITY_RECOVERY,2020-03-25,,156.54,True,PH
,TECHNICAL_NATIVE,5,2022-06-23,1274,BUY_STARTER,NEXT_OPEN,242.51,quality_dislocation,0,3,2022-06-30,1279,242.51,STOP_LOSS_EXIT,medium_term,226.9834,-0.7134,BEAR_RISK_OFF,20.2029,5.942,25.0,0.5,1.2005,BROKEN_CHART_QUALITY_RECOVERY,2022-06-22,,254.1549,True,PH
,TECHNICAL_NATIVE,5,2022-06-23,1274,BUY_STARTER,NEXT_OPEN,242.51,quality_dislocation,0,3,2022-06-30,1279,242.51,TRAILING_STOP_EXIT,short_term,228.1356,-0.7134,BEAR_RISK_OFF,18.7038,5.942,25.0,0.5,1.1114,BROKEN_CHART_QUALITY_RECOVERY,2022-06-22,,253.2908,True,PH
,TECHNICAL_NATIVE,59,2022-06-30,1279,BUY_STARTER,NEXT_OPEN,243.25,quality_dislocation,0,3,2022-09-23,1338,243.25,STOP_LOSS_EXIT,medium_term,226.9834,-1.8993,BEAR_RISK_OFF,4.6959,26.7009,25.0,0.5,1.2538,BROKEN_CHART_QUALITY_RECOVERY,2022-06-29,,255.4499,True,PH
,TECHNICAL_NATIVE,36,2022-06-30,1279,BUY_STARTER,NEXT_OPEN,243.25,quality_dislocation,0,3,2022-08-22,1315,289.9622,TRAILING_STOP_EXIT,short_term,228.1356,-1.8993,BEAR_RISK_OFF,58.3035,26.7009,25.0,0.5,15.5675,BROKEN_CHART_QUALITY_RECOVERY,2022-06-29,,254.5858,True,PH
HIGH_ATR_CAP,TECHNICAL_NATIVE,141,2020-03-26,236,BUY_STARTER,NEXT_OPEN,14.0,quality_dislocation,0,3,2020-10-15,377,43.65,MAX_SIM_WINDOW_EXIT,medium_term,9.9485,-4.4286,BEAR_RISK_OFF,72.2272,227.4286,25.0,0.25,164.2654,BROKEN_CHART_QUALITY_RECOVERY,2020-03-25,,17.0386,True,PINS
HIGH_ATR_CAP,TECHNICAL_NATIVE,28,2020-03-26,236,BUY_STARTER,NEXT_OPEN,14.0,quality_dislocation,0,3,2020-05-06,264,18.1974,TRAILING_STOP_EXIT,short_term,9.999,-4.4286,BEAR_RISK_OFF,48.2449,57.7143,25.0,0.25,27.8442,BROKEN_CHART_QUALITY_RECOVERY,2020-03-25,,17.0007,True,PINS
HIGH_ATR_CAP,TECHNICAL_NATIVE,20,2022-03-14,731,BUY_STARTER,NEXT_OPEN,22.69,quality_dislocation,0,3,2022-04-11,751,22.69,STOP_LOSS_EXIT,medium_term,21.8079,-3.3936,BEAR_RISK_OFF,3.1445,23.182,25.0,0.25,0.729,BROKEN_CHART_QUALITY_RECOVERY,2022-03-11,,23.3516,True,PINS
HIGH_ATR_CAP,TECHNICAL_NATIVE,18,2022-03-14,731,BUY_STARTER,NEXT_OPEN,22.69,quality_dislocation,0,3,2022-04-07,749,23.7018,TRAILING_STOP_EXIT,short_term,21.9186,-3.3936,BEAR_RISK_OFF,17.1766,23.182,25.0,0.25,3.9819,BROKEN_CHART_QUALITY_RECOVERY,2022-03-11,,23.2686,True,PINS
HIGH_ATR_CAP,TECHNICAL_NATIVE,3,2022-10-24,886,BUY_STARTER,NEXT_OPEN,21.44,quality_dislocation,0,3,2022-10-27,889,21.44,STOP_LOSS_EXIT,medium_term,20.3127,-2.6586,BEAR_RISK_OFF,14.7299,6.6931,25.0,0.25,0.9859,BROKEN_CHART_QUALITY_RECOVERY,2022-10-21,,22.2855,True,PINS
HIGH_ATR_CAP,TECHNICAL_NATIVE,3,2022-10-24,886,BUY_STARTER,NEXT_OPEN,21.44,quality_dislocation,0,3,2022-10-27,889,21.44,TRAILING_STOP_EXIT,short_term,20.4158,-2.6586,BEAR_RISK_OFF,13.3833,6.6931,25.0,0.25,0.8958,BROKEN_CHART_QUALITY_RECOVERY,2022-10-21,,22.2082,True,PINS
HIGH_ATR_CAP,TECHNICAL_NATIVE,141,2025-04-15,1506,BUY_STARTER,NEXT_OPEN,25.88,quality_dislocation,0,3,2025-11-05,1647,25.88,STOP_LOSS_EXIT,medium_term,23.3248,-8.3076,BEAR_RISK_OFF,3.41,54.289,25.0,0.25,1.8512,BROKEN_CHART_QUALITY_RECOVERY,2025-04-14,,27.7964,True,PINS
HIGH_ATR_CAP,TECHNICAL_NATIVE,75,2025-04-15,1506,BUY_STARTER,NEXT_OPEN,25.88,quality_dislocation,0,3,2025-08-04,1581,39.07,MAX_SIM_WINDOW_EXIT,short_term,23.4432,-8.3076,BEAR_RISK_OFF,73.6613,54.289,25.0,0.25,39.99,BROKEN_CHART_QUALITY_RECOVERY,2025-04-14,,27.7076,True,PINS
HIGH_ATR_CAP,TECHNICAL_NATIVE,141,2020-03-26,709,BUY_STARTER,NEXT_OPEN,66.13,quality_dislocation,0,3,2020-10-15,850,79.14,MAX_SIM_WINDOW_EXIT,medium_term,55.1698,0.0,BEAR_RISK_OFF,71.765,24.8904,25.0,0.25,17.8626,BROKEN_CHART_QUALITY_RECOVERY,2020-03-25,,74.3501,True,PM
HIGH_ATR_CAP,TECHNICAL_NATIVE,28,2020-03-26,709,BUY_STARTER,NEXT_OPEN,66.13,quality_dislocation,0,3,2020-05-06,737,71.0293,TRAILING_STOP_EXIT,short_term,55.4499,0.0,BEAR_RISK_OFF,44.5603,19.2651,25.0,0.25,8.5846,BROKEN_CHART_QUALITY_RECOVERY,2020-03-25,,74.1401,True,PM
,TECHNICAL_NATIVE,141,2022-10-17,1354,BUY_STARTER,NEXT_OPEN,86.1,quality_dislocation,0,3,2023-05-10,1495,95.1,MAX_SIM_WINDOW_EXIT,medium_term,82.4839,-1.928,BEAR_RISK_OFF,38.0534,22.6713,25.0,0.5,8.6272,BROKEN_CHART_QUALITY_RECOVERY,2022-10-14,,88.8121,True,PM
,TECHNICAL_NATIVE,55,2022-10-17,1354,BUY_STARTER,NEXT_OPEN,86.1,quality_dislocation,0,3,2023-01-05,1409,99.8293,TRAILING_STOP_EXIT,short_term,82.9026,-1.928,BEAR_RISK_OFF,59.8379,21.1498,25.0,0.5,12.6556,BROKEN_CHART_QUALITY_RECOVERY,2022-10-14,,88.498,True,PM
,TECHNICAL_NATIVE,7,2018-11-01,359,BUY_FULL,NEXT_OPEN,94.56,quality_dislocation,0,3,2018-11-12,366,94.56,STOP_LOSS_EXIT,medium_term,88.4866,-1.1633,BEAR_RISK_OFF,18.104,6.6519,25.0,1.0,1.2043,BROKEN_CHART_QUALITY_RECOVERY,2018-10-31,,99.115,True,PRU
,TECHNICAL_NATIVE,7,2018-11-01,359,BUY_FULL,NEXT_OPEN,94.56,quality_dislocation,0,3,2018-11-12,366,94.56,TRAILING_STOP_EXIT,short_term,88.4367,-1.1633,BEAR_RISK_OFF,18.2531,6.6519,25.0,1.0,1.2142,BROKEN_CHART_QUALITY_RECOVERY,2018-10-31,,99.1525,True,PRU
,TECHNICAL_NATIVE,141,2019-01-02,399,BUY_FULL,NEXT_OPEN,79.94,quality_dislocation,0,3,2019-07-25,540,102.46,MAX_SIM_WINDOW_EXIT,medium_term,74.4759,0.0,BEAR_RISK_OFF,67.7042,33.0998,25.0,1.0,22.41,BROKEN_CHART_QUALITY_RECOVERY,2018-12-31,,84.0381,True,PRU
,TECHNICAL_NATIVE,26,2019-01-02,399,BUY_FULL,NEXT_OPEN,79.94,quality_dislocation,0,3,2019-02-08,425,88.915,TRAILING_STOP_EXIT,short_term,74.8539,0.0,BEAR_RISK_OFF,55.2474,17.4005,25.0,1.0,9.6133,BROKEN_CHART_QUALITY_RECOVERY,2018-12-31,,83.7546,True,PRU
HIGH_ATR_CAP,TECHNICAL_NATIVE,33,2020-03-26,709,BUY_STARTER,NEXT_OPEN,52.47,quality_dislocation,0,3,2020-05-13,742,52.47,STOP_LOSS_EXIT,medium_term,38.0407,-14.1605,BEAR_RISK_OFF,21.7135,23.7469,25.0,0.25,5.1563,BROKEN_CHART_QUALITY_RECOVERY,2020-03-25,,63.292,True,PRU
HIGH_ATR_CAP,TECHNICAL_NATIVE,28,2020-03-26,709,BUY_STARTER,NEXT_OPEN,52.47,quality_dislocation,0,3,2020-05-06,737,55.5164,TRAILING_STOP_EXIT,short_term,38.2338,-14.1605,BEAR_RISK_OFF,39.7602,23.7469,25.0,0.25,9.4418,BROKEN_CHART_QUALITY_RECOVERY,2020-03-25,,63.1472,True,PRU
,TECHNICAL_NATIVE,141,2019-01-02,399,BUY_FULL,NEXT_OPEN,115.15,quality_dislocation,0,3,2019-07-25,540,140.84,MAX_SIM_WINDOW_EXIT,medium_term,106.9745,0.0,BEAR_RISK_OFF,74.4468,24.264,25.0,1.0,18.0638,BROKEN_CHART_QUALITY_RECOVERY,2018-12-31,,121.2817,True,PNC
,TECHNICAL_NATIVE,53,2019-01-02,399,BUY_FULL,NEXT_OPEN,115.15,quality_dislocation,0,3,2019-03-20,452,125.5764,TRAILING_STOP_EXIT,short_term,107.3655,0.0,BEAR_RISK_OFF,53.4837,15.0673,25.0,1.0,8.0585,BROKEN_CHART_QUALITY_RECOVERY,2018-12-31,,120.9884,True,PNC
HIGH_ATR_CAP,TECHNICAL_NATIVE,13,2020-03-26,709,BUY_STARTER,NEXT_OPEN,92.58,quality_dislocation,0,3,2020-04-15,722,92.58,STOP_LOSS_EXIT,medium_term,78.2189,-9.2461,BEAR_RISK_OFF,18.9762,15.3273,25.0,0.25,2.9085,BROKEN_CHART_QUALITY_RECOVERY,2020-03-25,,103.3509,True,PNC
HIGH_ATR_CAP,TECHNICAL_NATIVE,4,2020-03-26,709,BUY_STARTER,NEXT_OPEN,92.58,quality_dislocation,0,3,2020-04-01,713,92.58,TRAILING_STOP_EXIT,short_term,78.6159,-6.5457,BEAR_RISK_OFF,24.447,11.5684,25.0,0.25,2.8281,BROKEN_CHART_QUALITY_RECOVERY,2020-03-25,,103.0531,True,PNC
,TECHNICAL_NATIVE,14,2022-03-14,1204,BUY_STARTER,NEXT_OPEN,183.79,quality_dislocation,0,3,2022-04-01,1218,183.79,STOP_LOSS_EXIT,medium_term,175.9899,-1.9479,BEAR_RISK_OFF,9.351,8.5097,25.0,0.5,0.7957,BROKEN_CHART_QUALITY_RECOVERY,2022-03-11,,189.64,True,PNC
,TECHNICAL_NATIVE,14,2022-03-14,1204,BUY_STARTER,NEXT_OPEN,183.79,quality_dislocation,0,3,2022-04-01,1218,184.0636,TRAILING_STOP_EXIT,short_term,176.8833,-1.9479,BEAR_RISK_OFF,9.592,8.5097,25.0,0.5,0.8162,BROKEN_CHART_QUALITY_RECOVERY,2022-03-11,,188.97,True,PNC
,TECHNICAL_NATIVE,5,2022-06-23,1274,BUY_FULL,NEXT_OPEN,155.63,quality_dislocation,0,3,2022-06-30,1279,155.63,STOP_LOSS_EXIT,medium_term,147.2673,-1.9855,BEAR_RISK_OFF,16.8239,5.9886,25.0,1.0,1.0075,BROKEN_CHART_QUALITY_RECOVERY,2022-06-22,,161.902,True,PNC
,TECHNICAL_NATIVE,5,2022-06-23,1274,BUY_FULL,NEXT_OPEN,155.63,quality_dislocation,0,3,2022-06-30,1279,155.63,TRAILING_STOP_EXIT,short_term,148.0149,-1.9855,BEAR_RISK_OFF,15.3199,5.9886,25.0,1.0,0.9174,BROKEN_CHART_QUALITY_RECOVERY,2022-06-22,,161.3413,True,PNC
,TECHNICAL_NATIVE,3,2022-10-10,1349,BUY_FULL,NEXT_OPEN,152.44,quality_dislocation,0,1,2022-10-13,1352,144.8935,STOP_LOSS_EXIT,medium_term,144.8935,-5.8515,BEAR_RISK_OFF,-462.964,1.0693,0.0,1.0,-4.9505,BROKEN_CHART_QUALITY_RECOVERY,2022-10-07,,158.0999,False,PNC
,TECHNICAL_NATIVE,3,2022-10-10,1349,BUY_FULL,NEXT_OPEN,152.44,quality_dislocation,0,1,2022-10-13,1352,145.629,STOP_LOSS_EXIT,short_term,145.629,-5.8515,BEAR_RISK_OFF,-417.8424,1.0693,0.0,1.0,-4.468,BROKEN_CHART_QUALITY_RECOVERY,2022-10-07,,157.5482,False,PNC
,TECHNICAL_NATIVE,141,2023-10-30,1614,BUY_STARTER,NEXT_OPEN,112.2,quality_dislocation,0,3,2024-05-22,1755,156.5,MAX_SIM_WINDOW_EXIT,medium_term,107.759,0.0,BEAR_RISK_OFF,68.061,44.5989,25.0,0.5,30.3544,BROKEN_CHART_QUALITY_RECOVERY,2023-10-27,,115.5307,True,PNC
,TECHNICAL_NATIVE,51,2023-10-30,1614,BUY_STARTER,NEXT_OPEN,112.2,quality_dislocation,0,3,2024-01-12,1665,148.2507,TRAILING_STOP_EXIT,short_term,108.306,0.0,BEAR_RISK_OFF,61.0423,40.5437,25.0,0.5,24.7488,BROKEN_CHART_QUALITY_RECOVERY,2023-10-27,,115.1205,True,PNC
HIGH_ATR_CAP,TECHNICAL_NATIVE,141,2025-04-15,1979,BUY_STARTER,NEXT_OPEN,152.51,quality_dislocation,0,3,2025-11-05,2120,184.15,MAX_SIM_WINDOW_EXIT,medium_term,142.9432,-2.7736,BEAR_RISK_OFF,45.3433,36.9091,25.0,0.25,16.7358,BROKEN_CHART_QUALITY_RECOVERY,2025-04-14,,159.6851,True,PNC
HIGH_ATR_CAP,TECHNICAL_NATIVE,27,2025-04-15,1979,BUY_STARTER,NEXT_OPEN,152.51,quality_dislocation,0,3,2025-05-23,2006,170.3179,TRAILING_STOP_EXIT,short_term,143.6688,-2.7736,BEAR_RISK_OFF,53.9476,18.248,25.0,0.25,9.8444,BROKEN_CHART_QUALITY_RECOVERY,2025-04-14,,159.1409,True,PNC
HIGH_ATR_CAP,TECHNICAL_NATIVE,141,2025-04-23,1984,BUY_STARTER,NEXT_OPEN,157.7,quality_dislocation,0,3,2025-11-12,2125,186.91,MAX_SIM_WINDOW_EXIT,medium_term,142.9432,-0.9829,BEAR_RISK_OFF,48.2865,32.4033,25.0,0.25,15.6464,BROKEN_CHART_QUALITY_RECOVERY,2025-04-22,,168.7676,True,PNC
HIGH_ATR_CAP,TECHNICAL_NATIVE,22,2025-04-23,1984,BUY_STARTER,NEXT_OPEN,157.7,quality_dislocation,0,3,2025-05-23,2006,170.3179,TRAILING_STOP_EXIT,short_term,143.6688,-0.9829,BEAR_RISK_OFF,53.4197,14.3564,25.0,0.25,7.6691,BROKEN_CHART_QUALITY_RECOVERY,2025-04-22,,168.2234,True,PNC
HIGH_ATR_CAP,TECHNICAL_NATIVE,25,2020-03-26,709,BUY_FULL,NEXT_OPEN,176.54,quality_dislocation,0,3,2020-05-01,734,176.54,STOP_LOSS_EXIT,medium_term,153.0394,-0.3059,BEAR_RISK_OFF,12.322,20.256,25.0,0.5,2.496,BROKEN_CHART_QUALITY_RECOVERY,2020-03-25,,194.1654,True,PSA
HIGH_ATR_CAP,TECHNICAL_NATIVE,19,2020-03-26,709,BUY_FULL,NEXT_OPEN,176.54,quality_dislocation,0,3,2020-04-23,728,187.19,TRAILING_STOP_EXIT,short_term,153.8163,0.0,BEAR_RISK_OFF,34.2512,20.256,25.0,0.5,6.9379,BROKEN_CHART_QUALITY_RECOVERY,2020-03-25,,193.5828,True,PSA
,TECHNICAL_NATIVE,60,2022-06-23,1274,BUY_FULL,NEXT_OPEN,308.01,quality_dislocation,0,3,2022-09-19,1334,308.01,STOP_LOSS_EXIT,medium_term,288.9892,-2.6687,BEAR_RISK_OFF,7.2606,15.9475,25.0,1.0,1.1579,BROKEN_CHART_QUALITY_RECOVERY,2022-06-22,,322.2756,True,PSA
,TECHNICAL_NATIVE,47,2022-06-23,1274,BUY_FULL,NEXT_OPEN,308.01,quality_dislocation,0,3,2022-08-30,1321,339.6078,TRAILING_STOP_EXIT,short_term,290.4561,-2.6687,BEAR_RISK_OFF,54.9466,15.9475,25.0,1.0,8.7626,BROKEN_CHART_QUALITY_RECOVERY,2022-06-22,,321.1754,True,PSA
HIGH_ATR_CAP,TECHNICAL_NATIVE,16,2025-04-14,266,BUY_STARTER,NEXT_OPEN,105.75,quality_dislocation,0,3,2025-05-07,282,105.75,STOP_LOSS_EXIT,medium_term,79.1426,-14.156,BEAR_RISK_OFF,24.5154,19.2435,25.0,0.25,4.7176,BROKEN_CHART_QUALITY_RECOVERY,2025-04-11,,125.7055,True,RDDT
HIGH_ATR_CAP,TECHNICAL_NATIVE,16,2025-04-14,266,BUY_STARTER,NEXT_OPEN,105.75,quality_dislocation,0,3,2025-05-07,282,105.75,TRAILING_STOP_EXIT,short_term,78.9525,-14.156,BEAR_RISK_OFF,24.6905,19.2435,25.0,0.25,4.7513,BROKEN_CHART_QUALITY_RECOVERY,2025-04-11,,125.8481,True,RDDT
,TECHNICAL_NATIVE,2,2018-11-30,379,BUY_FULL,NEXT_OPEN,92.24,quality_dislocation,0,3,2018-12-04,381,92.24,STOP_LOSS_EXIT,medium_term,87.6551,-1.8755,BEAR_RISK_OFF,23.1713,4.0221,25.0,1.0,0.932,BROKEN_CHART_QUALITY_RECOVERY,2018-11-29,,95.6786,True,PSX
,TECHNICAL_NATIVE,2,2018-11-30,379,BUY_FULL,NEXT_OPEN,92.24,quality_dislocation,0,3,2018-12-04,381,92.24,TRAILING_STOP_EXIT,short_term,88.1001,-1.8755,BEAR_RISK_OFF,20.9226,4.0221,25.0,1.0,0.8415,BROKEN_CHART_QUALITY_RECOVERY,2018-11-29,,95.3449,True,PSX
HIGH_ATR_CAP,TECHNICAL_NATIVE,126,2020-03-26,709,BUY_STARTER,NEXT_OPEN,51.4,quality_dislocation,0,3,2020-09-24,835,51.4,STOP_LOSS_EXIT,medium_term,39.4394,-5.2724,BEAR_RISK_OFF,5.8417,74.6887,25.0,0.25,4.3631,BROKEN_CHART_QUALITY_RECOVERY,2020-03-25,,60.3705,True,PSX
HIGH_ATR_CAP,TECHNICAL_NATIVE,53,2020-03-26,709,BUY_STARTER,NEXT_OPEN,51.4,quality_dislocation,0,3,2020-06-11,762,80.9186,TRAILING_STOP_EXIT,short_term,39.6396,-5.2724,BEAR_RISK_OFF,63.4124,74.6887,25.0,0.25,47.3619,BROKEN_CHART_QUALITY_RECOVERY,2020-03-25,,60.2203,True,PSX
HIGH_ATR_CAP,TECHNICAL_NATIVE,121,2020-04-02,714,BUY_FULL,NEXT_OPEN,51.5,quality_dislocation,0,3,2020-09-24,835,51.5,STOP_LOSS_EXIT,medium_term,40.7888,-2.2524,BEAR_RISK_OFF,5.2451,74.3495,25.0,0.5,3.8997,BROKEN_CHART_QUALITY_RECOVERY,2020-04-01,,59.5334,True,PSX
HIGH_ATR_CAP,TECHNICAL_NATIVE,48,2020-04-02,714,BUY_FULL,NEXT_OPEN,51.5,quality_dislocation,0,3,2020-06-11,762,80.9186,TRAILING_STOP_EXIT,short_term,40.9959,-2.2524,BEAR_RISK_OFF,62.7669,74.3495,25.0,0.5,46.6669,BROKEN_CHART_QUALITY_RECOVERY,2020-04-01,,59.3781,True,PSX
HIGH_ATR_CAP,TECHNICAL_NATIVE,19,2022-07-08,1284,BUY_STARTER,NEXT_OPEN,83.57,quality_dislocation,0,3,2022-08-04,1303,83.57,STOP_LOSS_EXIT,medium_term,75.5199,-9.3574,BEAR_RISK_OFF,23.1854,7.7899,25.0,0.25,1.8061,BROKEN_CHART_QUALITY_RECOVERY,2022-07-07,,89.6075,True,PSX
HIGH_ATR_CAP,TECHNICAL_NATIVE,4,2022-07-08,1284,BUY_STARTER,NEXT_OPEN,83.57,quality_dislocation,0,1,2022-07-14,1288,75.9033,STOP_LOSS_EXIT,short_term,75.9033,-9.3574,BEAR_RISK_OFF,,0.0,0.0,0.25,-9.174,BROKEN_CHART_QUALITY_RECOVERY,2022-07-07,,89.32,False,PSX
HIGH_ATR_CAP,TECHNICAL_NATIVE,141,2025-04-23,1984,BUY_FULL,NEXT_OPEN,103.32,quality_dislocation,0,3,2025-11-12,2125,138.02,MAX_SIM_WINDOW_EXIT,medium_term,89.6449,-1.7228,BEAR_RISK_OFF,72.1582,38.3469,25.0,0.5,27.6704,BROKEN_CHART_QUALITY_RECOVERY,2025-04-22,,113.5764,True,PSX
HIGH_ATR_CAP,TECHNICAL_NATIVE,20,2025-04-23,1984,BUY_FULL,NEXT_OPEN,103.32,quality_dislocation,0,3,2025-05-21,2004,115.9157,TRAILING_STOP_EXIT,short_term,90.0999,-1.7228,BEAR_RISK_OFF,51.0293,22.6191,25.0,0.5,11.5424,BROKEN_CHART_QUALITY_RECOVERY,2025-04-22,,113.2351,True,PSX
HIGH_ATR_CAP,TECHNICAL_NATIVE,141,2020-03-26,709,BUY_STARTER,NEXT_OPEN,64.0,quality_dislocation,0,3,2020-10-15,850,128.58,MAX_SIM_WINDOW_EXIT,medium_term,57.13,0.0,BEAR_RISK_OFF,72.6734,106.9062,25.0,0.25,77.6924,BROKEN_CHART_QUALITY_RECOVERY,2020-03-25,,69.1525,True,QCOM
HIGH_ATR_CAP,TECHNICAL_NATIVE,55,2020-03-26,709,BUY_STARTER,NEXT_OPEN,64.0,quality_dislocation,0,3,2020-06-15,764,83.4829,TRAILING_STOP_EXIT,short_term,57.42,0.0,BEAR_RISK_OFF,56.311,43.9687,25.0,0.25,24.7592,BROKEN_CHART_QUALITY_RECOVERY,2020-03-25,,68.935,True,QCOM
,TECHNICAL_NATIVE,2,2022-04-19,1229,BUY_STARTER,NEXT_OPEN,138.83,quality_dislocation,0,3,2022-04-21,1231,138.83,STOP_LOSS_EXIT,medium_term,131.6847,-2.5715,BEAR_RISK_OFF,22.404,4.3074,25.0,0.5,0.965,BROKEN_CHART_QUALITY_RECOVERY,2022-04-18,,144.189,True,QCOM
,TECHNICAL_NATIVE,2,2022-04-19,1229,BUY_STARTER,NEXT_OPEN,138.83,quality_dislocation,0,3,2022-04-21,1231,138.83,TRAILING_STOP_EXIT,short_term,132.3531,-2.5715,BEAR_RISK_OFF,20.3082,4.3074,25.0,0.5,0.8748,BROKEN_CHART_QUALITY_RECOVERY,2022-04-18,,143.6877,True,QCOM
,TECHNICAL_NATIVE,9,2022-04-26,1234,BUY_FULL,NEXT_OPEN,135.02,quality_dislocation,0,3,2022-05-09,1243,135.02,STOP_LOSS_EXIT,medium_term,128.9464,-3.2292,BEAR_RISK_OFF,7.0383,11.9834,25.0,1.0,0.8434,BROKEN_CHART_QUALITY_RECOVERY,2022-04-25,,139.5752,True,QCOM
,TECHNICAL_NATIVE,9,2022-04-26,1234,BUY_FULL,NEXT_OPEN,135.02,quality_dislocation,0,3,2022-05-09,1243,135.02,TRAILING_STOP_EXIT,short_term,129.6009,-3.2292,BEAR_RISK_OFF,6.2798,11.9834,25.0,1.0,0.7525,BROKEN_CHART_QUALITY_RECOVERY,2022-04-25,,139.0843,True,QCOM
,TECHNICAL_NATIVE,7,2018-11-01,359,BUY_STARTER,NEXT_OPEN,166.09,quality_dislocation,0,3,2018-11-12,366,166.09,STOP_LOSS_EXIT,medium_term,153.8661,-0.295,BEAR_RISK_OFF,16.8528,8.1883,25.0,0.5,1.38,BROKEN_CHART_QUALITY_RECOVERY,2018-10-31,,175.2579,True,ROK
,TECHNICAL_NATIVE,7,2018-11-01,359,BUY_STARTER,NEXT_OPEN,166.09,quality_dislocation,0,3,2018-11-12,366,166.09,TRAILING_STOP_EXIT,short_term,152.5079,-0.295,BEAR_RISK_OFF,18.7254,8.1883,25.0,0.5,1.5333,BROKEN_CHART_QUALITY_RECOVERY,2018-10-31,,176.2766,True,ROK
,TECHNICAL_NATIVE,103,2019-01-02,399,BUY_FULL,NEXT_OPEN,148.52,quality_dislocation,0,3,2019-05-31,502,148.52,STOP_LOSS_EXIT,medium_term,139.3381,-2.2287,BEAR_RISK_OFF,4.0074,28.9254,25.0,1.0,1.1592,BROKEN_CHART_QUALITY_RECOVERY,2018-12-31,,155.4064,True,ROK
,TECHNICAL_NATIVE,44,2019-01-02,399,BUY_FULL,NEXT_OPEN,148.52,quality_dislocation,0,3,2019-03-07,443,174.5093,TRAILING_STOP_EXIT,short_term,140.0454,-2.2287,BEAR_RISK_OFF,63.901,22.2125,25.0,1.0,14.194,BROKEN_CHART_QUALITY_RECOVERY,2018-12-31,,154.876,True,ROK
,TECHNICAL_NATIVE,8,2022-02-28,1194,BUY_FULL,NEXT_OPEN,266.59,quality_dislocation,0,3,2022-03-10,1202,266.59,STOP_LOSS_EXIT,medium_term,248.3955,-2.8433,BEAR_RISK_OFF,22.6527,5.6491,25.0,1.0,1.2797,BROKEN_CHART_QUALITY_RECOVERY,2022-02-25,,280.2359,True,ROK
,TECHNICAL_NATIVE,8,2022-02-28,1194,BUY_FULL,NEXT_OPEN,266.59,quality_dislocation,0,3,2022-03-10,1202,266.59,TRAILING_STOP_EXIT,short_term,248.1435,-2.8433,BEAR_RISK_OFF,22.9664,5.6491,25.0,1.0,1.2974,BROKEN_CHART_QUALITY_RECOVERY,2022-02-25,,280.4249,True,ROK
,TECHNICAL_NATIVE,22,2022-03-07,1199,BUY_STARTER,NEXT_OPEN,270.0,quality_dislocation,0,3,2022-04-06,1221,270.0,STOP_LOSS_EXIT,medium_term,252.5561,-6.3518,BEAR_RISK_OFF,17.795,6.8074,25.0,0.5,1.2114,BROKEN_CHART_QUALITY_RECOVERY,2022-03-04,,283.0829,True,ROK
,TECHNICAL_NATIVE,22,2022-03-07,1199,BUY_STARTER,NEXT_OPEN,270.0,quality_dislocation,0,3,2022-04-06,1221,271.9871,TRAILING_STOP_EXIT,short_term,250.6179,-6.3518,BEAR_RISK_OFF,27.8809,6.8074,25.0,0.5,1.898,BROKEN_CHART_QUALITY_RECOVERY,2022-03-04,,284.5366,True,ROK
,TECHNICAL_NATIVE,4,2022-06-23,1274,BUY_FULL,NEXT_OPEN,195.56,quality_dislocation,0,3,2022-06-29,1278,195.56,STOP_LOSS_EXIT,medium_term,187.2288,-0.675,BEAR_RISK_OFF,17.8117,4.4846,25.0,1.0,0.7988,BROKEN_CHART_QUALITY_RECOVERY,2022-06-22,,201.8084,True,ROK
,TECHNICAL_NATIVE,4,2022-06-23,1274,BUY_FULL,NEXT_OPEN,195.56,quality_dislocation,0,3,2022-06-29,1278,195.56,TRAILING_STOP_EXIT,short_term,188.1792,-0.675,BEAR_RISK_OFF,15.7798,4.4846,25.0,1.0,0.7077,BROKEN_CHART_QUALITY_RECOVERY,2022-06-22,,201.0956,True,ROK
,TECHNICAL_NATIVE,8,2022-06-30,1279,BUY_FULL,NEXT_OPEN,194.11,quality_dislocation,0,3,2022-07-13,1287,194.11,STOP_LOSS_EXIT,medium_term,187.2288,-0.6234,BEAR_RISK_OFF,13.4118,4.956,25.0,1.0,0.6647,BROKEN_CHART_QUALITY_RECOVERY,2022-06-29,,199.2709,True,ROK
,TECHNICAL_NATIVE,8,2022-06-30,1279,BUY_FULL,NEXT_OPEN,194.11,quality_dislocation,0,3,2022-07-13,1287,194.11,TRAILING_STOP_EXIT,short_term,188.1792,-0.6234,BEAR_RISK_OFF,11.5594,4.956,25.0,1.0,0.5729,BROKEN_CHART_QUALITY_RECOVERY,2022-06-29,,198.5581,True,ROK
HIGH_ATR_CAP,TECHNICAL_NATIVE,141,2025-04-15,1979,BUY_STARTER,NEXT_OPEN,233.03,quality_dislocation,0,3,2025-11-05,2120,362.6,MAX_SIM_WINDOW_EXIT,medium_term,211.775,-4.7075,BEAR_RISK_OFF,71.2464,60.9321,25.0,0.25,43.4119,BROKEN_CHART_QUALITY_RECOVERY,2025-04-14,,248.9712,True,ROK
HIGH_ATR_CAP,TECHNICAL_NATIVE,74,2025-04-15,1979,BUY_STARTER,NEXT_OPEN,233.03,quality_dislocation,0,3,2025-08-01,2053,342.9414,TRAILING_STOP_EXIT,short_term,212.85,-4.7075,BEAR_RISK_OFF,67.4151,54.8814,25.0,0.25,36.9984,BROKEN_CHART_QUALITY_RECOVERY,2025-04-14,,248.165,True,ROK
,TECHNICAL_NATIVE,14,2022-06-23,1274,BUY_STARTER,NEXT_OPEN,589.98,quality_dislocation,0,3,2022-07-14,1288,589.98,STOP_LOSS_EXIT,medium_term,544.9607,-1.1746,BEAR_RISK_OFF,24.4669,5.8477,25.0,0.5,1.4307,BROKEN_CHART_QUALITY_RECOVERY,2022-06-22,,623.7445,True,REGN
,TECHNICAL_NATIVE,43,2022-06-23,1274,BUY_STARTER,NEXT_OPEN,589.98,quality_dislocation,0,3,2022-08-24,1317,604.9079,TRAILING_STOP_EXIT,short_term,539.9585,-4.434,BEAR_RISK_OFF,32.8987,10.6004,25.0,0.5,3.4874,BROKEN_CHART_QUALITY_RECOVERY,2022-06-22,,627.4961,True,REGN
,TECHNICAL_NATIVE,9,2025-04-15,1979,BUY_STARTER,NEXT_OPEN,568.55,quality_dislocation,0,3,2025-04-29,1988,568.55,STOP_LOSS_EXIT,medium_term,518.1001,-4.5924,BEAR_RISK_OFF,20.4394,8.14,25.0,0.5,1.6638,BROKEN_CHART_QUALITY_RECOVERY,2025-04-14,,606.3874,True,REGN
,TECHNICAL_NATIVE,9,2025-04-15,1979,BUY_STARTER,NEXT_OPEN,568.55,quality_dislocation,0,3,2025-04-29,1988,568.55,TRAILING_STOP_EXIT,short_term,520.7301,-4.5924,BEAR_RISK_OFF,19.3739,8.14,25.0,0.5,1.577,BROKEN_CHART_QUALITY_RECOVERY,2025-04-14,,604.4149,True,REGN
,TECHNICAL_NATIVE,40,2022-03-14,1204,BUY_STARTER,NEXT_OPEN,88.29,quality_dislocation,0,3,2022-05-10,1244,88.29,STOP_LOSS_EXIT,medium_term,83.1734,-2.5144,BEAR_RISK_OFF,4.3351,25.0651,25.0,0.5,1.0866,BROKEN_CHART_QUALITY_RECOVERY,2022-03-11,,92.1274,True,ROST
,TECHNICAL_NATIVE,31,2022-03-14,1204,BUY_STARTER,NEXT_OPEN,88.29,quality_dislocation,0,3,2022-04-27,1235,101.0021,TRAILING_STOP_EXIT,short_term,83.5956,-2.5144,BEAR_RISK_OFF,47.0597,25.0651,25.0,0.5,11.7956,BROKEN_CHART_QUALITY_RECOVERY,2022-03-11,,91.8108,True,ROST
,TECHNICAL_NATIVE,141,2022-06-30,1279,BUY_STARTER,NEXT_OPEN,70.48,quality_dislocation,0,3,2023-01-23,1420,115.78,MAX_SIM_WINDOW_EXIT,medium_term,68.5363,-1.7594,BEAR_RISK_OFF,66.0755,73.7372,25.0,0.5,48.7223,BROKEN_CHART_QUALITY_RECOVERY,2022-06-29,,71.9378,True,ROST
,TECHNICAL_NATIVE,17,2022-06-30,1279,BUY_STARTER,NEXT_OPEN,70.48,quality_dislocation,0,3,2022-07-26,1296,78.3757,TRAILING_STOP_EXIT,short_term,68.8842,-1.7594,BEAR_RISK_OFF,42.9926,20.5306,25.0,0.5,8.8266,BROKEN_CHART_QUALITY_RECOVERY,2022-06-29,,71.6769,True,ROST
HIGH_ATR_CAP,TECHNICAL_NATIVE,5,2018-11-30,296,BUY_FULL,NEXT_OPEN,40.65,quality_dislocation,0,1,2018-12-10,301,36.9473,STOP_LOSS_EXIT,medium_term,36.9473,-9.8007,BEAR_RISK_OFF,-136.1281,6.6913,0.0,0.5,-9.1087,BROKEN_CHART_QUALITY_RECOVERY,2018-11-29,,43.427,False,ROKU
HIGH_ATR_CAP,TECHNICAL_NATIVE,2,2018-11-30,296,BUY_FULL,NEXT_OPEN,40.65,quality_dislocation,0,3,2018-12-04,298,40.65,TRAILING_STOP_EXIT,short_term,37.1349,-2.829,BEAR_RISK_OFF,24.2306,6.6913,25.0,0.5,1.6213,BROKEN_CHART_QUALITY_RECOVERY,2018-11-29,,43.2863,True,ROKU
HIGH_ATR_CAP,TECHNICAL_NATIVE,1,2022-04-26,1151,BUY_STARTER,NEXT_OPEN,99.06,quality_dislocation,0,1,2022-04-27,1152,89.8911,STOP_LOSS_EXIT,medium_term,89.8911,-14.9102,BEAR_RISK_OFF,,0.0,0.0,0.25,-9.2559,BROKEN_CHART_QUALITY_RECOVERY,2022-04-25,,105.9367,False,ROKU
HIGH_ATR_CAP,TECHNICAL_NATIVE,1,2022-04-26,1151,BUY_STARTER,NEXT_OPEN,99.06,quality_dislocation,0,1,2022-04-27,1152,90.3474,STOP_LOSS_EXIT,short_term,90.3474,-14.9102,BEAR_RISK_OFF,,0.0,0.0,0.25,-8.7953,BROKEN_CHART_QUALITY_RECOVERY,2022-04-25,,105.5944,False,ROKU
HIGH_ATR_CAP,TECHNICAL_NATIVE,1,2022-10-10,1266,BUY_STARTER,NEXT_OPEN,54.92,quality_dislocation,0,1,2022-10-11,1267,52.2493,STOP_LOSS_EXIT,medium_term,52.2493,-7.571,BEAR_RISK_OFF,,0.0,0.0,0.25,-4.8629,BROKEN_CHART_QUALITY_RECOVERY,2022-10-07,,56.923,False,ROKU
HIGH_ATR_CAP,TECHNICAL_NATIVE,1,2022-10-10,1266,BUY_STARTER,NEXT_OPEN,54.92,quality_dislocation,0,1,2022-10-11,1267,52.5145,STOP_LOSS_EXIT,short_term,52.5145,-7.571,BEAR_RISK_OFF,,0.0,0.0,0.25,-4.38,BROKEN_CHART_QUALITY_RECOVERY,2022-10-07,,56.7241,False,ROKU
HIGH_ATR_CAP,TECHNICAL_NATIVE,8,2022-10-24,1276,BUY_STARTER,NEXT_OPEN,49.61,quality_dislocation,0,3,2022-11-03,1284,49.61,STOP_LOSS_EXIT,medium_term,46.561,-10.3003,BEAR_RISK_OFF,6.0116,19.1695,25.0,0.25,1.1524,BROKEN_CHART_QUALITY_RECOVERY,2022-10-21,,51.8968,True,ROKU
HIGH_ATR_CAP,TECHNICAL_NATIVE,8,2022-10-24,1276,BUY_STARTER,NEXT_OPEN,49.61,quality_dislocation,0,3,2022-11-03,1284,49.61,TRAILING_STOP_EXIT,short_term,46.7973,-10.3003,BEAR_RISK_OFF,5.5455,19.1695,25.0,0.25,1.063,BROKEN_CHART_QUALITY_RECOVERY,2022-10-21,,51.7195,True,ROKU
HIGH_ATR_CAP,TECHNICAL_NATIVE,141,2023-01-05,1326,BUY_STARTER,NEXT_OPEN,43.59,quality_dislocation,0,3,2023-07-31,1467,96.27,MAX_SIM_WINDOW_EXIT,medium_term,37.8851,-5.2535,BEAR_RISK_OFF,76.0489,122.4134,25.0,0.25,93.094,BROKEN_CHART_QUALITY_RECOVERY,2023-01-04,,47.8687,True,ROKU
HIGH_ATR_CAP,TECHNICAL_NATIVE,24,2023-01-05,1326,BUY_STARTER,NEXT_OPEN,43.59,quality_dislocation,0,3,2023-02-09,1350,56.5946,TRAILING_STOP_EXIT,short_term,37.8774,-5.2535,BEAR_RISK_OFF,46.5174,53.3838,25.0,0.25,24.8328,BROKEN_CHART_QUALITY_RECOVERY,2023-01-04,,47.8745,True,ROKU
HIGH_ATR_CAP,TECHNICAL_NATIVE,9,2025-03-18,1876,BUY_STARTER,NEXT_OPEN,68.79,quality_dislocation,0,3,2025-03-31,1885,68.79,STOP_LOSS_EXIT,medium_term,65.2769,-1.8753,BEAR_RISK_OFF,4.8613,19.6976,25.0,0.25,0.9576,BROKEN_CHART_QUALITY_RECOVERY,2025-03-17,,71.4248,True,ROKU
HIGH_ATR_CAP,TECHNICAL_NATIVE,9,2025-03-18,1876,BUY_STARTER,NEXT_OPEN,68.79,quality_dislocation,0,3,2025-03-31,1885,70.3019,TRAILING_STOP_EXIT,short_term,65.6083,-1.8753,BEAR_RISK_OFF,12.771,19.6976,25.0,0.25,2.5156,BROKEN_CHART_QUALITY_RECOVERY,2025-03-17,,71.1763,True,ROKU
HIGH_ATR_CAP,TECHNICAL_NATIVE,12,2025-04-15,1896,BUY_FULL,NEXT_OPEN,59.42,quality_dislocation,0,3,2025-05-02,1908,59.42,STOP_LOSS_EXIT,medium_term,51.6436,-4.0559,BEAR_RISK_OFF,12.3253,19.9091,25.0,0.5,2.4538,BROKEN_CHART_QUALITY_RECOVERY,2025-04-14,,65.2523,True,ROKU
HIGH_ATR_CAP,TECHNICAL_NATIVE,12,2025-04-15,1896,BUY_FULL,NEXT_OPEN,59.42,quality_dislocation,0,3,2025-05-02,1908,62.3186,TRAILING_STOP_EXIT,short_term,51.9057,-4.0559,BEAR_RISK_OFF,30.2862,19.9091,25.0,0.5,6.0297,BROKEN_CHART_QUALITY_RECOVERY,2025-04-14,,65.0557,True,ROKU
HIGH_ATR_CAP,TECHNICAL_NATIVE,7,2025-04-23,1901,BUY_FULL,NEXT_OPEN,62.17,quality_dislocation,0,3,2025-05-02,1908,62.17,STOP_LOSS_EXIT,medium_term,53.3673,-5.8227,BEAR_RISK_OFF,18.1773,14.6051,25.0,0.5,2.6548,BROKEN_CHART_QUALITY_RECOVERY,2025-04-22,,68.772,True,ROKU
HIGH_ATR_CAP,TECHNICAL_NATIVE,7,2025-04-23,1901,BUY_FULL,NEXT_OPEN,62.17,quality_dislocation,0,3,2025-05-02,1908,62.3186,TRAILING_STOP_EXIT,short_term,53.6382,-5.8227,BEAR_RISK_OFF,18.8451,14.6051,25.0,0.5,2.7523,BROKEN_CHART_QUALITY_RECOVERY,2025-04-22,,68.5688,True,ROKU
HIGH_ATR_CAP,TECHNICAL_NATIVE,4,2020-03-26,709,BUY_STARTER,NEXT_OPEN,72.46,quality_dislocation,0,3,2020-04-01,713,72.46,STOP_LOSS_EXIT,medium_term,64.3895,-1.5733,BEAR_RISK_OFF,23.6072,8.8463,25.0,0.25,2.0884,BROKEN_CHART_QUALITY_RECOVERY,2020-03-25,,78.5129,True,RSG
HIGH_ATR_CAP,TECHNICAL_NATIVE,4,2020-03-26,709,BUY_STARTER,NEXT_OPEN,72.46,quality_dislocation,0,3,2020-04-01,713,72.46,TRAILING_STOP_EXIT,short_term,64.7163,-1.5733,BEAR_RISK_OFF,22.6512,8.8463,25.0,0.25,2.0038,BROKEN_CHART_QUALITY_RECOVERY,2020-03-25,,78.2678,True,RSG
HIGH_ATR_CAP,TECHNICAL_NATIVE,141,2020-04-02,714,BUY_STARTER,NEXT_OPEN,71.86,quality_dislocation,0,3,2020-10-22,855,91.77,MAX_SIM_WINDOW_EXIT,medium_term,64.3895,-0.2227,BEAR_RISK_OFF,62.2217,36.5294,25.0,0.25,22.7292,BROKEN_CHART_QUALITY_RECOVERY,2020-04-01,,77.4629,True,RSG
HIGH_ATR_CAP,TECHNICAL_NATIVE,29,2020-04-02,714,BUY_STARTER,NEXT_OPEN,71.86,quality_dislocation,0,3,2020-05-14,743,77.8479,TRAILING_STOP_EXIT,short_term,64.7163,-0.2227,BEAR_RISK_OFF,43.6077,18.6056,25.0,0.25,8.1135,BROKEN_CHART_QUALITY_RECOVERY,2020-04-01,,77.2178,True,RSG
HIGH_ATR_CAP,TECHNICAL_NATIVE,141,2020-03-26,709,BUY_STARTER,NEXT_OPEN,61.674,quality_dislocation,0,1,2020-10-15,850,60.49,MAX_SIM_WINDOW_EXIT,medium_term,42.9011,-22.0904,BEAR_RISK_OFF,-8.9319,21.4936,0.0,0.25,-1.9198,BROKEN_CHART_QUALITY_RECOVERY,2020-03-25,,75.7537,False,RTX
HIGH_ATR_CAP,TECHNICAL_NATIVE,75,2020-03-26,709,BUY_STARTER,NEXT_OPEN,61.674,quality_dislocation,0,1,2020-07-14,784,60.47,MAX_SIM_WINDOW_EXIT,short_term,43.0018,-22.0904,BEAR_RISK_OFF,-9.0828,21.4936,0.0,0.25,-1.9522,BROKEN_CHART_QUALITY_RECOVERY,2020-03-25,,75.6782,False,RTX
,TECHNICAL_NATIVE,4,2022-10-03,1344,BUY_FULL,NEXT_OPEN,82.91,quality_dislocation,0,3,2022-10-07,1348,82.91,STOP_LOSS_EXIT,medium_term,79.0659,-0.2412,BEAR_RISK_OFF,21.324,4.0767,25.0,1.0,0.8693,BROKEN_CHART_QUALITY_RECOVERY,2022-09-30,,85.793,True,RTX
,TECHNICAL_NATIVE,4,2022-10-03,1344,BUY_FULL,NEXT_OPEN,82.91,quality_dislocation,0,3,2022-10-07,1348,82.91,TRAILING_STOP_EXIT,short_term,79.4673,-0.2412,BEAR_RISK_OFF,19.0977,4.0767,25.0,1.0,0.7786,BROKEN_CHART_QUALITY_RECOVERY,2022-09-30,,85.492,True,RTX
,TECHNICAL_NATIVE,5,2022-02-28,1194,BUY_STARTER,NEXT_OPEN,91.29,quality_dislocation,0,1,2022-03-07,1199,85.9412,STOP_LOSS_EXIT,medium_term,85.9412,-7.6021,BEAR_RISK_OFF,-242.0229,2.4209,0.0,0.5,-5.8591,BROKEN_CHART_QUALITY_RECOVERY,2022-02-25,,95.3016,False,SBUX
,TECHNICAL_NATIVE,5,2022-02-28,1194,BUY_STARTER,NEXT_OPEN,91.29,quality_dislocation,0,1,2022-03-07,1199,86.3775,STOP_LOSS_EXIT,short_term,86.3775,-7.6021,BEAR_RISK_OFF,-222.2811,2.4209,0.0,0.5,-5.3812,BROKEN_CHART_QUALITY_RECOVERY,2022-02-25,,94.9744,False,SBUX
,TECHNICAL_NATIVE,1,2022-05-10,1244,BUY_STARTER,NEXT_OPEN,74.85,quality_dislocation,0,1,2022-05-11,1245,70.5359,STOP_LOSS_EXIT,medium_term,70.5359,-6.5331,BEAR_RISK_OFF,,0.0,0.0,0.5,-5.7637,BROKEN_CHART_QUALITY_RECOVERY,2022-05-09,,78.0856,False,SBUX
,TECHNICAL_NATIVE,1,2022-05-10,1244,BUY_STARTER,NEXT_OPEN,74.85,quality_dislocation,0,1,2022-05-11,1245,70.8939,STOP_LOSS_EXIT,short_term,70.8939,-6.5331,BEAR_RISK_OFF,,0.0,0.0,0.5,-5.2854,BROKEN_CHART_QUALITY_RECOVERY,2022-05-09,,77.8171,False,SBUX
,TECHNICAL_NATIVE,18,2022-05-17,1249,BUY_STARTER,NEXT_OPEN,74.01,quality_dislocation,0,3,2022-06-13,1267,74.01,STOP_LOSS_EXIT,medium_term,67.3641,-4.9723,BEAR_RISK_OFF,17.0933,9.85,25.0,0.5,1.6837,BROKEN_CHART_QUALITY_RECOVERY,2022-05-16,,78.9944,True,SBUX
,TECHNICAL_NATIVE,18,2022-05-17,1249,BUY_STARTER,NEXT_OPEN,74.01,quality_dislocation,0,3,2022-06-13,1267,74.67,TRAILING_STOP_EXIT,short_term,67.7061,-4.9723,BEAR_RISK_OFF,23.0038,9.85,25.0,0.5,2.2659,BROKEN_CHART_QUALITY_RECOVERY,2022-05-16,,78.7379,True,SBUX
HIGH_ATR_CAP,TECHNICAL_NATIVE,74,2025-04-15,1979,BUY_STARTER,NEXT_OPEN,85.5,quality_dislocation,0,3,2025-08-01,2053,85.5,STOP_LOSS_EXIT,medium_term,75.0078,-11.6959,BEAR_RISK_OFF,14.6923,15.6608,25.0,0.25,2.3009,BROKEN_CHART_QUALITY_RECOVERY,2025-04-14,,93.3692,True,SBUX
HIGH_ATR_CAP,TECHNICAL_NATIVE,63,2025-04-15,1979,BUY_STARTER,NEXT_OPEN,85.5,quality_dislocation,0,3,2025-07-17,2042,91.1829,TRAILING_STOP_EXIT,short_term,75.3885,-11.6959,BEAR_RISK_OFF,49.7018,14.4912,25.0,0.25,7.2024,BROKEN_CHART_QUALITY_RECOVERY,2025-04-14,,93.0836,True,SBUX
,TECHNICAL_NATIVE,2,2018-11-30,379,BUY_FULL,NEXT_OPEN,44.07,quality_dislocation,0,3,2018-12-04,381,44.07,STOP_LOSS_EXIT,medium_term,43.2612,-3.0179,BEAR_RISK_OFF,6.5934,5.219,25.0,1.0,0.3441,BROKEN_CHART_QUALITY_RECOVERY,2018-11-29,,44.6766,True,SCHW
,TECHNICAL_NATIVE,2,2018-11-30,379,BUY_FULL,NEXT_OPEN,44.07,quality_dislocation,0,3,2018-12-04,381,44.07,TRAILING_STOP_EXIT,short_term,43.4808,-3.0179,BEAR_RISK_OFF,4.8032,5.219,25.0,1.0,0.2507,BROKEN_CHART_QUALITY_RECOVERY,2018-11-29,,44.5119,True,SCHW
HIGH_ATR_CAP,TECHNICAL_NATIVE,141,2020-03-19,704,BUY_STARTER,NEXT_OPEN,31.45,quality_dislocation,0,3,2020-10-08,845,37.74,MAX_SIM_WINDOW_EXIT,medium_term,27.58,-10.938,BEAR_RISK_OFF,37.7732,45.8188,25.0,0.25,17.3072,BROKEN_CHART_QUALITY_RECOVERY,2020-03-18,,34.3525,True,SCHW
HIGH_ATR_CAP,TECHNICAL_NATIVE,33,2020-03-19,704,BUY_STARTER,NEXT_OPEN,31.45,quality_dislocation,0,3,2020-05-06,737,34.755,TRAILING_STOP_EXIT,short_term,27.72,-10.938,BEAR_RISK_OFF,41.5985,24.2925,25.0,0.25,10.1053,BROKEN_CHART_QUALITY_RECOVERY,2020-03-18,,34.2475,True,SCHW
,TECHNICAL_NATIVE,11,2022-05-24,1254,BUY_FULL,NEXT_OPEN,64.91,quality_dislocation,0,3,2022-06-09,1265,64.91,STOP_LOSS_EXIT,medium_term,60.607,-2.3879,BEAR_RISK_OFF,11.8298,10.5069,25.0,1.0,1.243,BROKEN_CHART_QUALITY_RECOVERY,2022-05-23,,68.1372,True,SCHW
,TECHNICAL_NATIVE,11,2022-05-24,1254,BUY_FULL,NEXT_OPEN,64.91,quality_dislocation,0,3,2022-06-09,1265,65.0914,TRAILING_STOP_EXIT,short_term,60.9147,-2.3879,BEAR_RISK_OFF,12.9794,10.5069,25.0,1.0,1.3637,BROKEN_CHART_QUALITY_RECOVERY,2022-05-23,,67.9065,True,SCHW
,TECHNICAL_NATIVE,141,2022-06-23,1274,BUY_FULL,NEXT_OPEN,62.59,quality_dislocation,0,3,2023-01-13,1415,82.98,MAX_SIM_WINDOW_EXIT,medium_term,58.4597,-4.7931,BEAR_RISK_OFF,66.8341,38.4087,25.0,1.0,25.6701,BROKEN_CHART_QUALITY_RECOVERY,2022-06-22,,65.6877,True,SCHW
,TECHNICAL_NATIVE,5,2022-06-23,1274,BUY_FULL,NEXT_OPEN,62.59,quality_dislocation,0,3,2022-06-30,1279,62.59,TRAILING_STOP_EXIT,short_term,58.7565,-2.5563,BEAR_RISK_OFF,23.8003,4.8251,25.0,1.0,1.1484,BROKEN_CHART_QUALITY_RECOVERY,2022-06-22,,65.4651,True,SCHW
,TECHNICAL_NATIVE,141,2023-10-30,1614,BUY_STARTER,NEXT_OPEN,50.72,quality_dislocation,0,3,2024-05-22,1755,75.27,MAX_SIM_WINDOW_EXIT,medium_term,47.9301,-0.8281,BEAR_RISK_OFF,65.8171,56.7232,25.0,0.5,37.3336,BROKEN_CHART_QUALITY_RECOVERY,2023-10-27,,52.8124,True,SCHW
,TECHNICAL_NATIVE,44,2023-10-30,1614,BUY_STARTER,NEXT_OPEN,50.72,quality_dislocation,0,3,2024-01-03,1658,66.4607,TRAILING_STOP_EXIT,short_term,48.1734,-0.8281,BEAR_RISK_OFF,59.3957,40.7729,25.0,0.5,24.2173,BROKEN_CHART_QUALITY_RECOVERY,2023-10-27,,52.63,True,SCHW
,TECHNICAL_NATIVE,5,2022-02-28,1194,BUY_STARTER,NEXT_OPEN,264.73,quality_dislocation,0,1,2022-03-07,1199,249.8157,STOP_LOSS_EXIT,medium_term,249.8157,-8.2461,BEAR_RISK_OFF,,0.0,0.0,0.5,-5.6338,BROKEN_CHART_QUALITY_RECOVERY,2022-02-25,,275.9157,False,SHW
,TECHNICAL_NATIVE,5,2022-02-28,1194,BUY_STARTER,NEXT_OPEN,264.73,quality_dislocation,0,1,2022-03-07,1199,248.9157,STOP_LOSS_EXIT,short_term,248.9157,-8.2461,BEAR_RISK_OFF,,0.0,0.0,0.5,-5.9738,BROKEN_CHART_QUALITY_RECOVERY,2022-02-25,,276.5907,False,SHW
,TECHNICAL_NATIVE,18,2022-06-30,1279,BUY_STARTER,NEXT_OPEN,224.0,quality_dislocation,0,3,2022-07-27,1297,224.0,STOP_LOSS_EXIT,medium_term,211.0067,-1.4554,BEAR_RISK_OFF,6.2086,17.5179,25.0,0.5,1.0876,BROKEN_CHART_QUALITY_RECOVERY,2022-06-29,,233.745,True,SHW
,TECHNICAL_NATIVE,18,2022-06-30,1279,BUY_STARTER,NEXT_OPEN,224.0,quality_dislocation,0,3,2022-07-27,1297,244.7921,TRAILING_STOP_EXIT,short_term,212.0778,-1.4554,BEAR_RISK_OFF,45.437,17.5179,25.0,0.5,7.9596,BROKEN_CHART_QUALITY_RECOVERY,2022-06-29,,232.9416,True,SHW
,TECHNICAL_NATIVE,3,2022-10-10,1349,BUY_STARTER,NEXT_OPEN,205.15,quality_dislocation,0,1,2022-10-13,1352,197.2364,STOP_LOSS_EXIT,medium_term,197.2364,-4.8306,BEAR_RISK_OFF,-232.7561,1.6573,0.0,0.5,-3.8575,BROKEN_CHART_QUALITY_RECOVERY,2022-10-07,,211.0852,False,SHW
,TECHNICAL_NATIVE,3,2022-10-10,1349,BUY_STARTER,NEXT_OPEN,205.15,quality_dislocation,0,1,2022-10-13,1352,198.2376,STOP_LOSS_EXIT,short_term,198.2376,-4.8306,BEAR_RISK_OFF,-203.3086,1.6573,0.0,0.5,-3.3694,BROKEN_CHART_QUALITY_RECOVERY,2022-10-07,,210.3343,False,SHW
,TECHNICAL_NATIVE,3,2023-03-20,1459,BUY_STARTER,NEXT_OPEN,217.46,quality_dislocation,0,1,2023-03-23,1462,208.7116,STOP_LOSS_EXIT,medium_term,208.7116,-5.5321,BEAR_RISK_OFF,-168.2417,2.3912,0.0,0.5,-4.023,BROKEN_CHART_QUALITY_RECOVERY,2023-03-17,,224.0213,False,SHW
,TECHNICAL_NATIVE,3,2023-03-20,1459,BUY_STARTER,NEXT_OPEN,217.46,quality_dislocation,0,1,2023-03-23,1462,209.7711,STOP_LOSS_EXIT,short_term,209.7711,-5.5321,BEAR_RISK_OFF,-147.8663,2.3912,0.0,0.5,-3.5358,BROKEN_CHART_QUALITY_RECOVERY,2023-03-17,,223.2267,False,SHW
HIGH_ATR_CAP,TECHNICAL_NATIVE,1,2020-03-19,704,BUY_FULL,NEXT_OPEN,55.92,quality_dislocation,0,1,2020-03-20,705,46.6201,STOP_LOSS_EXIT,medium_term,46.6201,-17.4714,BEAR_RISK_OFF,,0.0,0.0,0.5,-16.6307,BROKEN_CHART_QUALITY_RECOVERY,2020-03-18,,62.895,False,SO
HIGH_ATR_CAP,TECHNICAL_NATIVE,1,2020-03-19,704,BUY_FULL,NEXT_OPEN,55.92,quality_dislocation,0,1,2020-03-20,705,46.8567,STOP_LOSS_EXIT,short_term,46.8567,-17.4714,BEAR_RISK_OFF,,0.0,0.0,0.5,-16.2076,BROKEN_CHART_QUALITY_RECOVERY,2020-03-18,,62.7175,False,SO
HIGH_ATR_CAP,TECHNICAL_NATIVE,141,2020-04-02,714,BUY_STARTER,NEXT_OPEN,49.41,quality_dislocation,0,3,2020-10-22,855,60.56,MAX_SIM_WINDOW_EXIT,medium_term,41.3306,0.0,BEAR_RISK_OFF,79.3366,25.1973,25.0,0.25,19.9907,BROKEN_CHART_QUALITY_RECOVERY,2020-04-01,,55.4696,True,SO
HIGH_ATR_CAP,TECHNICAL_NATIVE,20,2020-04-02,714,BUY_STARTER,NEXT_OPEN,49.41,quality_dislocation,0,3,2020-05-01,734,55.635,TRAILING_STOP_EXIT,short_term,41.5404,0.0,BEAR_RISK_OFF,49.3519,25.1973,25.0,0.25,12.4353,BROKEN_CHART_QUALITY_RECOVERY,2020-04-01,,55.3122,True,SO
HIGH_ATR_CAP,TECHNICAL_NATIVE,13,2020-04-24,729,BUY_STARTER,NEXT_OPEN,53.38,quality_dislocation,0,3,2020-05-13,742,53.38,STOP_LOSS_EXIT,medium_term,47.9006,-7.7932,BEAR_RISK_OFF,5.351,35.9685,25.0,0.25,1.9247,BROKEN_CHART_QUALITY_RECOVERY,2020-04-23,,57.4896,True,SPG
HIGH_ATR_CAP,TECHNICAL_NATIVE,11,2020-04-24,729,BUY_STARTER,NEXT_OPEN,53.38,quality_dislocation,0,3,2020-05-11,740,56.4186,TRAILING_STOP_EXIT,short_term,48.1437,-3.5219,BEAR_RISK_OFF,16.983,35.9685,25.0,0.25,6.1085,BROKEN_CHART_QUALITY_RECOVERY,2020-04-23,,57.3072,True,SPG
,TECHNICAL_NATIVE,2,2022-05-10,1244,BUY_FULL,NEXT_OPEN,121.14,quality_dislocation,0,1,2022-05-12,1246,111.7089,STOP_LOSS_EXIT,medium_term,111.7089,-8.2301,BEAR_RISK_OFF,,0.0,0.0,1.0,-7.7853,BROKEN_CHART_QUALITY_RECOVERY,2022-05-09,,128.2134,False,SPG
,TECHNICAL_NATIVE,2,2022-05-10,1244,BUY_FULL,NEXT_OPEN,121.14,quality_dislocation,0,1,2022-05-12,1246,112.2759,STOP_LOSS_EXIT,short_term,112.2759,-8.2301,BEAR_RISK_OFF,,0.0,0.0,1.0,-7.3172,BROKEN_CHART_QUALITY_RECOVERY,2022-05-09,,127.7881,False,SPG
,TECHNICAL_NATIVE,3,2022-05-17,1249,BUY_FULL,NEXT_OPEN,118.88,quality_dislocation,0,1,2022-05-20,1252,109.5024,STOP_LOSS_EXIT,medium_term,109.5024,-11.07,BEAR_RISK_OFF,-1157.659,0.6814,0.0,1.0,-7.8883,BROKEN_CHART_QUALITY_RECOVERY,2022-05-16,,125.9132,False,SPG
,TECHNICAL_NATIVE,2,2022-05-17,1249,BUY_FULL,NEXT_OPEN,118.88,quality_dislocation,0,1,2022-05-19,1251,110.0583,STOP_LOSS_EXIT,short_term,110.0583,-7.5454,BEAR_RISK_OFF,-1089.0335,0.6814,0.0,1.0,-7.4207,BROKEN_CHART_QUALITY_RECOVERY,2022-05-16,,125.4963,False,SPG
,TECHNICAL_NATIVE,9,2022-06-30,1279,BUY_STARTER,NEXT_OPEN,95.0,quality_dislocation,0,3,2022-07-14,1288,95.0,STOP_LOSS_EXIT,medium_term,91.802,-2.0421,BEAR_RISK_OFF,14.4837,4.3579,25.0,0.5,0.6312,BROKEN_CHART_QUALITY_RECOVERY,2022-06-29,,97.3985,True,SPG
,TECHNICAL_NATIVE,9,2022-06-30,1279,BUY_STARTER,NEXT_OPEN,95.0,quality_dislocation,0,3,2022-07-14,1288,95.0,TRAILING_STOP_EXIT,short_term,92.268,-2.0421,BEAR_RISK_OFF,12.3732,4.3579,25.0,0.5,0.5392,BROKEN_CHART_QUALITY_RECOVERY,2022-06-29,,97.049,True,SPG
,TECHNICAL_NATIVE,49,2022-07-08,1284,BUY_FULL,NEXT_OPEN,98.0,quality_dislocation,0,3,2022-09-16,1333,98.0,STOP_LOSS_EXIT,medium_term,91.802,-5.0408,BEAR_RISK_OFF,6.4599,18.3571,25.0,1.0,1.1858,BROKEN_CHART_QUALITY_RECOVERY,2022-07-07,,102.6485,True,SPG
,TECHNICAL_NATIVE,31,2022-07-08,1284,BUY_FULL,NEXT_OPEN,98.0,quality_dislocation,0,3,2022-08-22,1315,107.7164,TRAILING_STOP_EXIT,short_term,92.268,-5.0408,BEAR_RISK_OFF,46.4819,18.3571,25.0,1.0,8.5327,BROKEN_CHART_QUALITY_RECOVERY,2022-07-07,,102.299,True,SPG
HIGH_ATR_CAP,TECHNICAL_NATIVE,141,2025-04-15,1979,BUY_STARTER,NEXT_OPEN,149.6,quality_dislocation,0,3,2025-11-05,2120,181.4,MAX_SIM_WINDOW_EXIT,medium_term,134.2949,-2.5134,BEAR_RISK_OFF,68.8119,25.9559,25.0,0.25,17.8608,BROKEN_CHART_QUALITY_RECOVERY,2025-04-14,,161.0788,True,SPG
HIGH_ATR_CAP,TECHNICAL_NATIVE,20,2025-04-15,1979,BUY_STARTER,NEXT_OPEN,149.6,quality_dislocation,0,3,2025-05-14,1999,159.8336,TRAILING_STOP_EXIT,short_term,134.9766,-2.5134,BEAR_RISK_OFF,46.2161,15.0668,25.0,0.25,6.9633,BROKEN_CHART_QUALITY_RECOVERY,2025-04-14,,160.5676,True,SPG
,TECHNICAL_NATIVE,33,2018-11-01,359,BUY_STARTER,NEXT_OPEN,23.4063,quality_dislocation,0,1,2018-12-20,392,21.8745,STOP_LOSS_EXIT,medium_term,21.8745,-9.0352,BEAR_RISK_OFF,-198.8383,3.2914,0.0,0.5,-6.5446,BROKEN_CHART_QUALITY_RECOVERY,2018-10-31,,24.5553,False,T
,TECHNICAL_NATIVE,33,2018-11-01,359,BUY_STARTER,NEXT_OPEN,23.4063,quality_dislocation,0,1,2018-12-20,392,21.7042,STOP_LOSS_EXIT,short_term,21.7042,-9.0352,BEAR_RISK_OFF,-220.9439,3.2914,0.0,0.5,-7.2721,BROKEN_CHART_QUALITY_RECOVERY,2018-10-31,,24.6829,False,T
,TECHNICAL_NATIVE,141,2019-01-02,399,BUY_FULL,NEXT_OPEN,21.5257,quality_dislocation,0,3,2019-07-25,540,25.5363,MAX_SIM_WINDOW_EXIT,medium_term,20.0472,0.0,BEAR_RISK_OFF,74.0974,20.5965,25.0,1.0,15.2615,BROKEN_CHART_QUALITY_RECOVERY,2018-12-31,,22.6345,True,T
,TECHNICAL_NATIVE,19,2019-01-02,399,BUY_FULL,NEXT_OPEN,21.5257,quality_dislocation,0,3,2019-01-30,418,22.5388,TRAILING_STOP_EXIT,short_term,20.0393,0.0,BEAR_RISK_OFF,47.7455,10.1053,25.0,1.0,4.8248,BROKEN_CHART_QUALITY_RECOVERY,2018-12-31,,22.6405,True,T
HIGH_ATR_CAP,TECHNICAL_NATIVE,28,2020-04-02,714,BUY_STARTER,NEXT_OPEN,21.148,quality_dislocation,0,3,2020-05-13,742,21.148,STOP_LOSS_EXIT,medium_term,19.4024,-2.6786,BEAR_RISK_OFF,11.1973,13.8214,25.0,0.25,1.5476,BROKEN_CHART_QUALITY_RECOVERY,2020-04-01,,22.4572,True,T
HIGH_ATR_CAP,TECHNICAL_NATIVE,23,2020-04-02,714,BUY_STARTER,NEXT_OPEN,21.148,quality_dislocation,0,3,2020-05-06,737,21.9589,TRAILING_STOP_EXIT,short_term,19.5009,-2.6786,BEAR_RISK_OFF,31.3718,13.8214,25.0,0.25,4.336,BROKEN_CHART_QUALITY_RECOVERY,2020-04-01,,22.3834,True,T
,TECHNICAL_NATIVE,7,2018-11-01,359,BUY_STARTER,NEXT_OPEN,39.88,quality_dislocation,0,3,2018-11-12,366,39.88,STOP_LOSS_EXIT,medium_term,37.5482,-1.7051,BEAR_RISK_OFF,20.624,5.3159,25.0,0.5,1.0964,BROKEN_CHART_QUALITY_RECOVERY,2018-10-31,,41.6289,True,STLD
,TECHNICAL_NATIVE,7,2018-11-01,359,BUY_STARTER,NEXT_OPEN,39.88,quality_dislocation,0,3,2018-11-12,366,39.88,TRAILING_STOP_EXIT,short_term,37.7388,-1.7051,BEAR_RISK_OFF,18.9377,5.3159,25.0,0.5,1.0067,BROKEN_CHART_QUALITY_RECOVERY,2018-10-31,,41.4859,True,STLD
HIGH_ATR_CAP,TECHNICAL_NATIVE,141,2020-03-26,709,BUY_STARTER,NEXT_OPEN,20.02,quality_dislocation,0,3,2020-10-15,850,33.39,MAX_SIM_WINDOW_EXIT,medium_term,14.7553,-3.8462,BEAR_RISK_OFF,82.1374,66.983,25.0,0.25,55.0181,BROKEN_CHART_QUALITY_RECOVERY,2020-03-25,,23.9685,True,STLD
HIGH_ATR_CAP,TECHNICAL_NATIVE,33,2020-03-26,709,BUY_STARTER,NEXT_OPEN,20.02,quality_dislocation,0,3,2020-05-13,742,22.3079,TRAILING_STOP_EXIT,short_term,14.8302,-3.8462,BEAR_RISK_OFF,44.0819,30.4695,25.0,0.25,13.4315,BROKEN_CHART_QUALITY_RECOVERY,2020-03-25,,23.9124,True,STLD
HIGH_ATR_CAP,TECHNICAL_NATIVE,141,2022-01-28,1174,BUY_STARTER,NEXT_OPEN,54.44,quality_dislocation,0,3,2022-08-22,1315,80.25,MAX_SIM_WINDOW_EXIT,medium_term,49.7819,0.0,BEAR_RISK_OFF,44.0473,84.3681,25.0,0.25,37.1618,BROKEN_CHART_QUALITY_RECOVERY,2022-01-27,,57.9336,True,STLD
HIGH_ATR_CAP,TECHNICAL_NATIVE,58,2022-01-28,1174,BUY_STARTER,NEXT_OPEN,54.44,quality_dislocation,0,3,2022-04-22,1232,90.3757,TRAILING_STOP_EXIT,short_term,50.0346,0.0,BEAR_RISK_OFF,60.4785,84.3681,25.0,0.25,51.0246,BROKEN_CHART_QUALITY_RECOVERY,2022-01-27,,57.744,True,STLD
HIGH_ATR_CAP,TECHNICAL_NATIVE,2,2022-06-30,1279,BUY_FULL,NEXT_OPEN,65.5,quality_dislocation,0,3,2022-07-05,1281,65.5,STOP_LOSS_EXIT,medium_term,63.4143,-4.1527,BEAR_RISK_OFF,23.0046,2.5954,25.0,0.5,0.5971,BROKEN_CHART_QUALITY_RECOVERY,2022-06-29,,67.0643,True,STLD
HIGH_ATR_CAP,TECHNICAL_NATIVE,2,2022-06-30,1279,BUY_FULL,NEXT_OPEN,65.5,quality_dislocation,0,3,2022-07-05,1281,65.5,TRAILING_STOP_EXIT,short_term,63.7362,-4.1527,BEAR_RISK_OFF,19.4546,2.5954,25.0,0.5,0.5049,BROKEN_CHART_QUALITY_RECOVERY,2022-06-29,,66.8229,True,STLD
,TECHNICAL_NATIVE,141,2022-07-08,1284,BUY_FULL,NEXT_OPEN,67.31,quality_dislocation,0,3,2023-01-30,1425,119.09,MAX_SIM_WINDOW_EXIT,medium_term,61.5034,-5.185,BEAR_RISK_OFF,70.8119,83.7617,25.0,1.0,59.3132,BROKEN_CHART_QUALITY_RECOVERY,2022-07-07,,71.6649,True,STLD
,TECHNICAL_NATIVE,38,2022-07-08,1284,BUY_FULL,NEXT_OPEN,67.31,quality_dislocation,0,3,2022-08-31,1322,80.22,TRAILING_STOP_EXIT,short_term,61.8156,-5.185,BEAR_RISK_OFF,50.2708,31.6595,25.0,1.0,15.9155,BROKEN_CHART_QUALITY_RECOVERY,2022-07-07,,71.4308,True,STLD
,TECHNICAL_NATIVE,5,2022-07-15,1289,BUY_FULL,NEXT_OPEN,66.46,quality_dislocation,0,3,2022-07-22,1294,66.46,STOP_LOSS_EXIT,medium_term,61.5034,-3.3554,BEAR_RISK_OFF,16.9589,8.2456,25.0,1.0,1.3984,BROKEN_CHART_QUALITY_RECOVERY,2022-07-14,,70.1774,True,STLD
,TECHNICAL_NATIVE,5,2022-07-15,1289,BUY_FULL,NEXT_OPEN,66.46,quality_dislocation,0,3,2022-07-22,1294,66.46,TRAILING_STOP_EXIT,short_term,61.8156,-3.3554,BEAR_RISK_OFF,15.8909,8.2456,25.0,1.0,1.3103,BROKEN_CHART_QUALITY_RECOVERY,2022-07-14,,69.9433,True,STLD
HIGH_ATR_CAP,TECHNICAL_NATIVE,141,2020-03-26,709,BUY_STARTER,NEXT_OPEN,44.62,quality_dislocation,0,3,2020-10-15,850,57.41,MAX_SIM_WINDOW_EXIT,medium_term,32.2292,-8.7405,BEAR_RISK_OFF,79.8645,33.4379,25.0,0.25,26.705,BROKEN_CHART_QUALITY_RECOVERY,2020-03-25,,53.9131,True,TJX
HIGH_ATR_CAP,TECHNICAL_NATIVE,53,2020-03-26,709,BUY_STARTER,NEXT_OPEN,44.62,quality_dislocation,0,3,2020-06-11,762,52.5057,TRAILING_STOP_EXIT,short_term,32.3928,-8.7405,BEAR_RISK_OFF,58.9575,31.1968,25.0,0.25,18.3928,BROKEN_CHART_QUALITY_RECOVERY,2020-03-25,,53.7904,True,TJX
HIGH_ATR_CAP,TECHNICAL_NATIVE,141,2020-04-02,714,BUY_STARTER,NEXT_OPEN,44.49,quality_dislocation,0,3,2020-10-22,855,56.02,MAX_SIM_WINDOW_EXIT,medium_term,32.9379,-8.4738,BEAR_RISK_OFF,71.8507,33.8278,25.0,0.25,24.3055,BROKEN_CHART_QUALITY_RECOVERY,2020-04-01,,53.1541,True,TJX
HIGH_ATR_CAP,TECHNICAL_NATIVE,48,2020-04-02,714,BUY_STARTER,NEXT_OPEN,44.49,quality_dislocation,0,3,2020-06-11,762,52.5057,TRAILING_STOP_EXIT,short_term,32.3928,-8.4738,BEAR_RISK_OFF,58.9325,31.5801,25.0,0.25,18.6109,BROKEN_CHART_QUALITY_RECOVERY,2020-04-01,,53.5629,True,TJX
,TECHNICAL_NATIVE,29,2022-03-14,1204,BUY_STARTER,NEXT_OPEN,61.54,quality_dislocation,0,3,2022-04-25,1233,61.54,STOP_LOSS_EXIT,medium_term,57.0512,-4.1599,BEAR_RISK_OFF,12.4689,10.9685,25.0,0.5,1.3676,BROKEN_CHART_QUALITY_RECOVERY,2022-03-11,,64.9066,True,TJX
,TECHNICAL_NATIVE,28,2022-03-14,1204,BUY_STARTER,NEXT_OPEN,61.54,quality_dislocation,0,3,2022-04-22,1232,62.6714,TRAILING_STOP_EXIT,short_term,57.3408,-4.1599,BEAR_RISK_OFF,24.2358,10.9685,25.0,0.5,2.6583,BROKEN_CHART_QUALITY_RECOVERY,2022-03-11,,64.6894,True,TJX
,TECHNICAL_NATIVE,4,2022-06-23,1274,BUY_FULL,NEXT_OPEN,57.38,quality_dislocation,0,3,2022-06-29,1278,57.38,STOP_LOSS_EXIT,medium_term,55.1206,-1.1154,BEAR_RISK_OFF,12.0356,6.1345,25.0,1.0,0.7383,BROKEN_CHART_QUALITY_RECOVERY,2022-06-22,,59.0746,True,TJX
,TECHNICAL_NATIVE,4,2022-06-23,1274,BUY_FULL,NEXT_OPEN,57.38,quality_dislocation,0,3,2022-06-29,1278,57.38,TRAILING_STOP_EXIT,short_term,55.4004,-1.1154,BEAR_RISK_OFF,10.5448,6.1345,25.0,1.0,0.6469,BROKEN_CHART_QUALITY_RECOVERY,2022-06-22,,58.8647,True,TJX
,TECHNICAL_NATIVE,7,2022-10-24,1359,BUY_STARTER,NEXT_OPEN,499.73,quality_dislocation,0,3,2022-11-02,1366,499.73,STOP_LOSS_EXIT,medium_term,471.1353,-1.923,BEAR_RISK_OFF,20.4405,5.2488,25.0,0.5,1.0729,BROKEN_CHART_QUALITY_RECOVERY,2022-10-21,,521.176,True,TMO
,TECHNICAL_NATIVE,7,2022-10-24,1359,BUY_STARTER,NEXT_OPEN,499.73,quality_dislocation,0,3,2022-11-02,1366,499.73,TRAILING_STOP_EXIT,short_term,473.5269,-1.923,BEAR_RISK_OFF,18.7309,5.2488,25.0,0.5,0.9831,BROKEN_CHART_QUALITY_RECOVERY,2022-10-21,,519.3823,True,TMO
HIGH_ATR_CAP,TECHNICAL_NATIVE,16,2025-04-15,1979,BUY_STARTER,NEXT_OPEN,447.59,quality_dislocation,0,1,2025-05-08,1995,403.7023,STOP_LOSS_EXIT,medium_term,403.7023,-10.0047,BEAR_RISK_OFF,-313.0394,3.1323,0.0,0.25,-9.8053,BROKEN_CHART_QUALITY_RECOVERY,2025-04-14,,480.5058,False,TMO
HIGH_ATR_CAP,TECHNICAL_NATIVE,15,2025-04-15,1979,BUY_STARTER,NEXT_OPEN,447.59,quality_dislocation,0,1,2025-05-07,1994,405.7515,STOP_LOSS_EXIT,short_term,405.7515,-9.6115,BEAR_RISK_OFF,-298.423,3.1323,0.0,0.25,-9.3475,BROKEN_CHART_QUALITY_RECOVERY,2025-04-14,,478.9689,False,TMO
,TECHNICAL_NATIVE,141,2022-01-28,1174,BUY_STARTER,NEXT_OPEN,105.71,quality_dislocation,0,3,2022-08-22,1315,144.58,MAX_SIM_WINDOW_EXIT,medium_term,99.9874,0.0,BEAR_RISK_OFF,72.0169,39.703,25.0,0.5,28.5929,BROKEN_CHART_QUALITY_RECOVERY,2022-01-27,,110.002,True,TMUS
,TECHNICAL_NATIVE,26,2022-01-28,1174,BUY_STARTER,NEXT_OPEN,105.71,quality_dislocation,0,3,2022-03-08,1200,119.1136,TRAILING_STOP_EXIT,short_term,100.4949,0.0,BEAR_RISK_OFF,48.6354,21.4549,25.0,0.5,10.4347,BROKEN_CHART_QUALITY_RECOVERY,2022-01-27,,109.6213,True,TMUS
HIGH_ATR_CAP,TECHNICAL_NATIVE,9,2022-10-24,1359,BUY_STARTER,NEXT_OPEN,205.82,quality_dislocation,0,3,2022-11-04,1368,205.82,STOP_LOSS_EXIT,medium_term,195.6111,-1.3313,BEAR_RISK_OFF,6.0613,15.3435,25.0,0.25,0.93,BROKEN_CHART_QUALITY_RECOVERY,2022-10-21,,213.4767,True,TSLA
HIGH_ATR_CAP,TECHNICAL_NATIVE,9,2022-10-24,1359,BUY_STARTER,NEXT_OPEN,205.82,quality_dislocation,0,3,2022-11-04,1368,205.82,TRAILING_STOP_EXIT,short_term,196.6041,-1.3313,BEAR_RISK_OFF,5.4717,15.3435,25.0,0.25,0.8396,BROKEN_CHART_QUALITY_RECOVERY,2022-10-21,,212.7319,True,TSLA
HIGH_ATR_CAP,TECHNICAL_NATIVE,33,2020-03-26,709,BUY_STARTER,NEXT_OPEN,93.09,quality_dislocation,0,3,2020-05-13,742,93.09,STOP_LOSS_EXIT,medium_term,75.8351,-3.8243,BEAR_RISK_OFF,17.3846,19.9914,25.0,0.25,3.4754,BROKEN_CHART_QUALITY_RECOVERY,2020-03-25,,106.0311,True,TRV
HIGH_ATR_CAP,TECHNICAL_NATIVE,17,2020-03-26,709,BUY_STARTER,NEXT_OPEN,93.09,quality_dislocation,0,3,2020-04-21,726,97.15,TRAILING_STOP_EXIT,short_term,76.2201,-0.1611,BEAR_RISK_OFF,33.359,19.9914,25.0,0.25,6.6689,BROKEN_CHART_QUALITY_RECOVERY,2020-03-25,,105.7424,True,TRV
HIGH_ATR_CAP,TECHNICAL_NATIVE,21,2020-04-02,714,BUY_STARTER,NEXT_OPEN,94.55,quality_dislocation,0,3,2020-05-04,735,94.55,STOP_LOSS_EXIT,medium_term,76.3572,-1.7028,BEAR_RISK_OFF,19.8901,18.1385,25.0,0.25,3.6078,BROKEN_CHART_QUALITY_RECOVERY,2020-04-01,,108.1946,True,TRV
HIGH_ATR_CAP,TECHNICAL_NATIVE,12,2020-04-02,714,BUY_STARTER,NEXT_OPEN,94.55,quality_dislocation,0,3,2020-04-21,726,97.15,TRAILING_STOP_EXIT,short_term,76.7448,-1.7028,BEAR_RISK_OFF,30.8367,18.1385,25.0,0.25,5.5933,BROKEN_CHART_QUALITY_RECOVERY,2020-04-01,,107.9039,True,TRV
,TECHNICAL_NATIVE,17,2022-05-17,1249,BUY_FULL,NEXT_OPEN,202.85,quality_dislocation,0,3,2022-06-10,1266,202.85,STOP_LOSS_EXIT,medium_term,187.1007,-4.703,BEAR_RISK_OFF,20.0476,7.2615,25.0,1.0,1.4558,BROKEN_CHART_QUALITY_RECOVERY,2022-05-16,,214.662,True,V
,TECHNICAL_NATIVE,17,2022-05-17,1249,BUY_FULL,NEXT_OPEN,202.85,quality_dislocation,0,3,2022-06-10,1266,202.85,TRAILING_STOP_EXIT,short_term,188.0505,-4.703,BEAR_RISK_OFF,18.8385,7.2615,25.0,1.0,1.368,BROKEN_CHART_QUALITY_RECOVERY,2022-05-16,,213.9496,True,V
,TECHNICAL_NATIVE,5,2022-06-23,1274,BUY_FULL,NEXT_OPEN,196.14,quality_dislocation,0,3,2022-06-30,1279,196.14,STOP_LOSS_EXIT,medium_term,183.5046,-1.6774,BEAR_RISK_OFF,21.636,5.5827,25.0,1.0,1.2079,BROKEN_CHART_QUALITY_RECOVERY,2022-06-22,,205.6165,True,V
,TECHNICAL_NATIVE,5,2022-06-23,1274,BUY_FULL,NEXT_OPEN,196.14,quality_dislocation,0,3,2022-06-30,1279,196.14,TRAILING_STOP_EXIT,short_term,184.0509,-1.6774,BEAR_RISK_OFF,20.7006,5.5827,25.0,1.0,1.1557,BROKEN_CHART_QUALITY_RECOVERY,2022-06-22,,205.2068,True,V
,TECHNICAL_NATIVE,141,2022-10-10,1349,BUY_FULL,NEXT_OPEN,184.13,quality_dislocation,0,3,2023-05-03,1490,225.98,MAX_SIM_WINDOW_EXIT,medium_term,173.555,-5.1757,BEAR_RISK_OFF,64.8723,27.9368,25.0,1.0,18.1232,BROKEN_CHART_QUALITY_RECOVERY,2022-10-07,,192.0613,True,V
,TECHNICAL_NATIVE,18,2022-10-10,1349,BUY_FULL,NEXT_OPEN,184.13,quality_dislocation,0,3,2022-11-03,1367,194.9643,TRAILING_STOP_EXIT,short_term,173.0817,-5.1757,BEAR_RISK_OFF,37.2298,14.8754,25.0,1.0,5.5381,BROKEN_CHART_QUALITY_RECOVERY,2022-10-07,,192.4162,True,V
HIGH_ATR_CAP,TECHNICAL_NATIVE,126,2020-04-02,714,BUY_STARTER,NEXT_OPEN,42.81,quality_dislocation,0,3,2020-10-01,840,42.81,STOP_LOSS_EXIT,medium_term,31.4116,-7.3347,BEAR_RISK_OFF,6.2309,80.1215,25.0,0.25,4.9923,BROKEN_CHART_QUALITY_RECOVERY,2020-04-01,,51.3588,True,VLO
HIGH_ATR_CAP,TECHNICAL_NATIVE,48,2020-04-02,714,BUY_STARTER,NEXT_OPEN,42.81,quality_dislocation,0,3,2020-06-11,762,68.1014,TRAILING_STOP_EXIT,short_term,31.5711,-7.3347,BEAR_RISK_OFF,61.4457,80.1215,25.0,0.25,49.2312,BROKEN_CHART_QUALITY_RECOVERY,2020-04-01,,51.2392,True,VLO
HIGH_ATR_CAP,TECHNICAL_NATIVE,141,2025-04-15,1979,BUY_STARTER,NEXT_OPEN,109.59,quality_dislocation,0,3,2025-11-05,2120,170.14,MAX_SIM_WINDOW_EXIT,medium_term,97.515,-3.0477,BEAR_RISK_OFF,69.2571,62.8159,25.0,0.25,43.5045,BROKEN_CHART_QUALITY_RECOVERY,2025-04-14,,118.6462,True,VLO
HIGH_ATR_CAP,TECHNICAL_NATIVE,32,2025-04-15,1979,BUY_STARTER,NEXT_OPEN,109.59,quality_dislocation,0,3,2025-06-02,2011,125.1379,TRAILING_STOP_EXIT,short_term,98.01,-3.0477,BEAR_RISK_OFF,50.9847,24.7559,25.0,0.25,12.6217,BROKEN_CHART_QUALITY_RECOVERY,2025-04-14,,118.275,True,VLO
HIGH_ATR_CAP,TECHNICAL_NATIVE,141,2020-03-26,561,BUY_FULL,NEXT_OPEN,15.81,quality_dislocation,0,3,2020-10-15,702,23.94,MAX_SIM_WINDOW_EXIT,medium_term,9.7454,-15.623,BEAR_RISK_OFF,70.6159,64.8008,25.0,0.5,45.7596,BROKEN_CHART_QUALITY_RECOVERY,2020-03-25,,20.3584,True,VICI
HIGH_ATR_CAP,TECHNICAL_NATIVE,52,2020-03-26,561,BUY_FULL,NEXT_OPEN,15.81,quality_dislocation,0,3,2020-06-10,613,20.4893,TRAILING_STOP_EXIT,short_term,9.7515,-15.623,BEAR_RISK_OFF,56.8598,51.6761,25.0,0.5,29.3829,BROKEN_CHART_QUALITY_RECOVERY,2020-03-25,,20.3539,True,VICI
HIGH_ATR_CAP,TECHNICAL_NATIVE,141,2020-04-02,566,BUY_FULL,NEXT_OPEN,15.3,quality_dislocation,0,3,2020-10-22,707,23.9,MAX_SIM_WINDOW_EXIT,medium_term,10.2383,-12.8105,BEAR_RISK_OFF,68.7966,70.2941,25.0,0.5,48.36,BROKEN_CHART_QUALITY_RECOVERY,2020-04-01,,19.0963,True,VICI
HIGH_ATR_CAP,TECHNICAL_NATIVE,47,2020-04-02,566,BUY_FULL,NEXT_OPEN,15.3,quality_dislocation,0,3,2020-06-10,613,20.4893,TRAILING_STOP_EXIT,short_term,9.7515,-12.8105,BEAR_RISK_OFF,56.8239,56.732,25.0,0.5,32.2373,BROKEN_CHART_QUALITY_RECOVERY,2020-04-01,,19.4614,True,VICI
HIGH_ATR_CAP,TECHNICAL_NATIVE,31,2020-03-26,709,BUY_STARTER,NEXT_OPEN,96.24,quality_dislocation,0,3,2020-05-11,740,96.24,STOP_LOSS_EXIT,medium_term,70.5755,-2.2236,BEAR_RISK_OFF,17.0399,29.3433,25.0,0.25,5.0001,BROKEN_CHART_QUALITY_RECOVERY,2020-03-25,,115.4883,True,VMC
HIGH_ATR_CAP,TECHNICAL_NATIVE,19,2020-03-26,709,BUY_STARTER,NEXT_OPEN,96.24,quality_dislocation,0,3,2020-04-23,728,104.0864,TRAILING_STOP_EXIT,short_term,67.7239,-2.2236,BEAR_RISK_OFF,39.772,29.3433,25.0,0.25,11.6704,BROKEN_CHART_QUALITY_RECOVERY,2020-03-25,,117.6271,True,VMC
HIGH_ATR_CAP,TECHNICAL_NATIVE,18,2022-05-17,1249,BUY_FULL,NEXT_OPEN,163.74,quality_dislocation,0,1,2022-06-13,1267,154.182,STOP_LOSS_EXIT,medium_term,154.182,-7.5302,BEAR_RISK_OFF,-157.9828,3.6949,0.0,0.5,-5.8373,BROKEN_CHART_QUALITY_RECOVERY,2022-05-16,,170.9085,False,VMC
HIGH_ATR_CAP,TECHNICAL_NATIVE,17,2022-05-17,1249,BUY_FULL,NEXT_OPEN,163.74,quality_dislocation,0,1,2022-06-10,1266,154.9647,STOP_LOSS_EXIT,short_term,154.9647,-5.411,BEAR_RISK_OFF,-145.0457,3.6949,0.0,0.5,-5.3593,BROKEN_CHART_QUALITY_RECOVERY,2022-05-16,,170.3215,False,VMC
,TECHNICAL_NATIVE,23,2025-03-18,1959,BUY_STARTER,NEXT_OPEN,235.04,quality_dislocation,0,3,2025-04-21,1982,235.04,STOP_LOSS_EXIT,medium_term,218.1055,-6.8797,BEAR_RISK_OFF,24.729,5.4629,25.0,0.5,1.3509,BROKEN_CHART_QUALITY_RECOVERY,2025-03-17,,247.7408,True,VMC
,TECHNICAL_NATIVE,49,2025-03-18,1959,BUY_STARTER,NEXT_OPEN,235.04,quality_dislocation,0,3,2025-05-28,2008,263.2364,TRAILING_STOP_EXIT,short_term,216.2239,-6.8797,BEAR_RISK_OFF,57.2514,18.3373,25.0,0.5,10.4984,BROKEN_CHART_QUALITY_RECOVERY,2025-03-17,,249.152,True,VMC
HIGH_ATR_CAP,TECHNICAL_NATIVE,141,2020-04-02,714,BUY_STARTER,NEXT_OPEN,87.6,quality_dislocation,0,3,2020-10-22,855,115.77,MAX_SIM_WINDOW_EXIT,medium_term,84.0599,0.0,BEAR_RISK_OFF,69.5763,35.7534,25.0,0.25,24.8759,BROKEN_CHART_QUALITY_RECOVERY,2020-04-01,,90.2551,True,WM
HIGH_ATR_CAP,TECHNICAL_NATIVE,29,2020-04-02,714,BUY_STARTER,NEXT_OPEN,87.6,quality_dislocation,0,3,2020-05-14,743,95.4693,TRAILING_STOP_EXIT,short_term,84.4866,0.0,BEAR_RISK_OFF,41.602,17.7968,25.0,0.25,7.4038,BROKEN_CHART_QUALITY_RECOVERY,2020-04-01,,89.9351,True,WM
HIGH_ATR_CAP,TECHNICAL_NATIVE,114,2020-03-26,709,BUY_STARTER,NEXT_OPEN,37.5,quality_dislocation,0,3,2020-09-08,823,37.5,STOP_LOSS_EXIT,medium_term,29.6584,-4.3733,BEAR_RISK_OFF,8.2324,47.6267,25.0,0.25,3.9208,BROKEN_CHART_QUALITY_RECOVERY,2020-03-25,,43.3812,True,XOM
HIGH_ATR_CAP,TECHNICAL_NATIVE,33,2020-03-26,709,BUY_STARTER,NEXT_OPEN,37.5,quality_dislocation,0,3,2020-05-13,742,41.6779,TRAILING_STOP_EXIT,short_term,29.8089,-4.3733,BEAR_RISK_OFF,44.9456,27.1467,25.0,0.25,12.2012,BROKEN_CHART_QUALITY_RECOVERY,2020-03-25,,43.2683,True,XOM
HIGH_ATR_CAP,TECHNICAL_NATIVE,108,2020-04-02,714,BUY_STARTER,NEXT_OPEN,38.74,quality_dislocation,0,3,2020-09-04,822,38.74,STOP_LOSS_EXIT,medium_term,31.1575,-0.5679,BEAR_RISK_OFF,8.5543,42.9014,25.0,0.25,3.6699,BROKEN_CHART_QUALITY_RECOVERY,2020-04-01,,44.4269,True,XOM
HIGH_ATR_CAP,TECHNICAL_NATIVE,28,2020-04-02,714,BUY_STARTER,NEXT_OPEN,38.74,quality_dislocation,0,3,2020-05-13,742,41.6779,TRAILING_STOP_EXIT,short_term,30.315,-0.5679,BEAR_RISK_OFF,42.3165,23.0769,25.0,0.25,9.7653,BROKEN_CHART_QUALITY_RECOVERY,2020-04-01,,45.0588,True,XOM
,TECHNICAL_NATIVE,22,2022-06-23,1274,BUY_FULL,NEXT_OPEN,40.5833,quality_dislocation,0,3,2022-07-26,1296,40.5833,STOP_LOSS_EXIT,medium_term,38.7105,-1.5277,BEAR_RISK_OFF,9.0507,9.5606,25.0,1.0,0.8653,BROKEN_CHART_QUALITY_RECOVERY,2022-06-22,,41.988,True,WMT
,TECHNICAL_NATIVE,4,2022-06-23,1274,BUY_FULL,NEXT_OPEN,40.5833,quality_dislocation,0,3,2022-06-29,1278,40.5833,TRAILING_STOP_EXIT,short_term,38.907,-0.6407,BEAR_RISK_OFF,24.6844,3.1376,25.0,1.0,0.7745,BROKEN_CHART_QUALITY_RECOVERY,2022-06-22,,41.8406,True,WMT
,TECHNICAL_NATIVE,17,2022-06-30,1279,BUY_FULL,NEXT_OPEN,40.2933,quality_dislocation,0,3,2022-07-26,1296,40.2933,STOP_LOSS_EXIT,medium_term,38.7105,-0.6784,BEAR_RISK_OFF,7.1173,10.3491,25.0,1.0,0.7366,BROKEN_CHART_QUALITY_RECOVERY,2022-06-29,,41.4805,True,WMT
,TECHNICAL_NATIVE,17,2022-06-30,1279,BUY_FULL,NEXT_OPEN,40.2933,quality_dislocation,0,3,2022-07-26,1296,42.4012,TRAILING_STOP_EXIT,short_term,38.907,-0.6784,BEAR_RISK_OFF,44.1448,10.3491,25.0,1.0,4.5686,BROKEN_CHART_QUALITY_RECOVERY,2022-06-29,,41.3331,True,WMT
,TECHNICAL_NATIVE,141,2022-10-24,1359,BUY_STARTER,NEXT_OPEN,61.44,quality_dislocation,0,3,2023-05-17,1500,66.04,MAX_SIM_WINDOW_EXIT,medium_term,57.0766,0.0,BEAR_RISK_OFF,36.9535,18.7988,25.0,0.5,6.9468,BROKEN_CHART_QUALITY_RECOVERY,2022-10-21,,64.7125,True,XEL
,TECHNICAL_NATIVE,38,2022-10-24,1359,BUY_STARTER,NEXT_OPEN,61.44,quality_dislocation,0,3,2022-12-16,1397,69.0921,TRAILING_STOP_EXIT,short_term,56.5918,0.0,BEAR_RISK_OFF,57.5599,18.7988,25.0,0.5,10.8206,BROKEN_CHART_QUALITY_RECOVERY,2022-10-21,,65.0762,True,XEL
,TECHNICAL_NATIVE,2,2022-10-10,1349,BUY_FULL,NEXT_OPEN,109.34,quality_dislocation,0,1,2022-10-12,1351,104.5676,STOP_LOSS_EXIT,medium_term,104.5676,-4.5546,BEAR_RISK_OFF,,0.0,0.0,1.0,-4.3647,BROKEN_CHART_QUALITY_RECOVERY,2022-10-07,,112.9193,False,YUM
,TECHNICAL_NATIVE,1,2022-10-10,1349,BUY_FULL,NEXT_OPEN,109.34,quality_dislocation,0,1,2022-10-11,1350,105.0984,STOP_LOSS_EXIT,short_term,105.0984,-3.951,BEAR_RISK_OFF,,0.0,0.0,1.0,-3.8793,BROKEN_CHART_QUALITY_RECOVERY,2022-10-07,,112.5212,False,YUM
